0.082667 0.413333
-0.0990773 0.270808
0.010667 0.456
-0.252436 0.164085
0.00121405 0.634845
-0.048 0.648
-6.53011 4.58352
-1.02405 0.625298
0.363509 0.035457
0.381378 0.176923
0.458515 0.581287
0.34825 0.0479085
0.281097 0.957703
0.283234 0.953816
0.458505 0.581341
0.281592 0.957964
0.0583497 0.738517
0.075747 0.732864
0.458507 0.581318
0.0598766 0.740332
0.169443 0.886396
0.162667 0.893333
-0.310354 1.18616
0.841293 0.732864
0.874684 0.743713
0.88697 0.720264
0.872515 0.747556
0.0828719 0.413679
0.0830204 0.41344
-0.353655 -0.438761
-0.393111 -0.433009
-0.408 -0.210667
-0.466271 -0.447538
-0.34709 0.215703
-0.559033 0.323347
0.540413 -0.436627
0.505093 -0.560119
0.304 -0.517333
0.464127 -0.655634
0.0305606 0.477809
-0.332952 0.207171
-0.425321 0.258168
0.331025 0.973929
0.381366 0.985751
0.381378 0.985705
0.381372 0.985752
0.00154075 0.549127
-0.045333 0.533333
-0.867741 0.514205
0.287143 0.960672
0.285333 0.965333
0.0244759 0.695603
-0.002667 0.722667
-0.248817 1.12546
-7.35411 5.18599
0.0699845 0.427892
0.035454 0.471032
0.059771 0.478933
0.0333147 0.473886
0.0953483 0.780085
0.093333 0.781333
0.0946755 0.779136
0.174751 0.234718
0.196104 0.264107
0.458519 0.581312
0.172161 0.23861
0.585182 0.978651
0.586667 0.984
0.577821 0.0127359
0.535662 0.176923
0.458525 0.581287
0.55927 -0.00997415
0.859713 0.768651
0.88 0.794667
1.05278 1.19783
0.448187 0.996068
0.448 1
0.331303 0.972847
0.330889 0.973892
0.0956479 0.780638
0.81928 0.779644
0.838811 0.788835
0.836733 0.79072
0.759656 0.863983
0.785354 0.833537
0.785945 0.832982
0.786667 0.834667
0.699129 0.924169
0.704 0.930667
1.12405 1.29238
0.955219 0.367835
1.16034 0.236073
0.818667 0.312
1.24833 0.188588
0.89472 0.695864
0.922667 0.738667
0.857269 0.683695
0.896071 0.691097
0.613538 0.0594584
0.746667 0.061333
1.80648 -0.0802561
0.640038 0.0919604
0.907089 0.635438
0.909359 0.583778
0.870203 0.581314
0.909421 0.578846
0.458531 0.581318
0.868088 0.475418
0.850481 0.456454
0.850272 0.456088
0.850667 0.456
0.905205 0.654516
0.946667 0.661333
2.07967 -0.146964
2.38832 -0.216215
2.97047 -0.33415
0.949333 0.554667
0.909144 0.564222
0.633806 0.208812
0.667906 0.122681
0.675962 0.132132
0.79917 0.316962
0.889705 0.501772
0.909333 0.48
0.765333 -0.445333
0.0704952 0.427293
0.075747 0.429764
0.906707 0.640495
0.43267 0.992184
0.43267 0.994433
0.432391 0.994395
0.629413 0.0794642
1.85084 -0.0924876
-0.168607 0.0841749
-0.14349 0.0565582
-0.120992 0.0329607
0.162667 0.149333
0.207772 -0.440931
0.394245 -0.709854
0.332443 -0.748169
0.434667 -0.949333
-2.21772 1.438
-1.75956 1.11704
-0.672 -0.285333
0.585737 0.189781
0.6178 0.0649145
0.749333 -0.128
0.524463 -0.139338
0.52272 -0.131191
0.191419 -0.41454
0.218667 -0.557333
0.546547 -0.412588
0.16361 -0.771446
0.127276 -0.765403
0.0701591 -0.7479
0.08 -0.986667
0.642667 -0.784
0.0415222 -0.738041
-0.0244109 -0.689732
-0.069333 -0.933333
-0.90615 0.542562
0.22937 -0.777369
0.250667 -1
-0.650817 -0.547489
-0.67739 -0.575944
-0.695319 -0.596382
-0.522667 -0.730667
-0.634948 -2.98849
-0.703965 -0.606878
-0.753937 -0.661776
-0.882667 -0.813333
-0.251544 -0.481513
-0.311676 -0.454838
-0.405333 -0.650667
-0.43015 -1.37092
-0.548089 -2.27383
-0.723807 -0.641338
-0.578667 -0.802667
-0.405548 -1.08158
-0.403372 -0.939008
-0.40894 -0.831063
-0.416002 -1.23733
-0.403334 -1.02873
-0.296 -0.226667
-0.249671 -0.482766
-0.344 -0.68
-0.408278 -0.768832
-0.189162 -0.531614
-0.519731 -0.463116
-0.241517 0.154714
-0.0721742 -0.647279
-0.221333 -0.808
-0.402633 -0.981746
-0.572513 -0.482342
-0.612034 -0.5133
-0.458667 -0.666667
-0.893333 -0.490667
-0.412554 -0.74387
-7.67191 5.41882
-0.733519 -0.651537
-0.762667 -0.866667
-0.549468 -2.288
-0.656 -0.850667
-0.730158 -0.648885
-0.501747 -1.87903
-0.802667 -0.386667
-6.36807 4.46519
-0.747842 -0.657331
-0.938667 -0.728
-0.949333 -0.629333
0.125333 -0.533333
0.866956 0.632912
0.179063 -0.374418
0.54661 -0.396593
0.330667 -0.392
0.311708 -0.75582
-0.147387 -0.572101
-0.133333 -0.293333
0.0221584 -0.120565
-0.0348843 -0.0531153
0 -0.413333
0.131544 -0.275943
0.128111 -0.270988
0.458528 0.581314
0.509607 -0.0670631
0.14865 -0.301042
0.842942 0.429228
0.841293 0.429764
0.842877 0.429018
0.333333 -0.266667
0.544784 -0.271165
0.534476 -0.184147
0.513772 -0.0623195
0.48437 0.170444
0.458534 0.581288
0.222119 0.170482
0.758624 0.86313
0.759543 0.864109
0.795052 0.826169
0.791578 0.823295
0.795519 0.825796
0.535662 0.985705
0.536181 0.987725
0.535922 0.987765
0.458515 0.581343
0.587058 0.97799
0.585737 0.972847
0.587678 0.977749
0.48437 0.992184
0.484595 0.993968
0.48437 0.993988
0.458524 0.581317
0.458522 0.581322
0.679111 0.928909
0.682644 0.933772
0.681982 0.93413
0.458518 0.581322
0.458523 0.581315
0.45852 0.581314
0.720936 0.898521
0.723731 0.901497
0.723361 0.901859
0.633806 0.953816
0.635729 0.957314
0.635274 0.957525
0.158416 0.86313
0.154139 0.867685
0.153662 0.867063
0.458521 0.581315
0.125462 0.823295
0.123437 0.82497
0.123254 0.824697
0.458521 0.581316
0.458535 0.581341
0.458507 0.58131
0.458516 0.581318
0.458521 0.581316
0.196104 0.898521
0.192436 0.90357
0.235744 0.931916
0.191789 0.903116
0.237929 0.928909
0.236142 0.932159
0.458525 0.581343
0.283234 0.208812
0.2469 0.142721
0.25408 0.135174
0.210824 0.184416
0.45852 0.581314
0.09776 0.779644
0.0957956 0.780891
0.458519 0.581316
0.458517 0.581315
0.046837 0.581314
0.000212321 0.584248
0.000280436 0.578384
0.00156583 0.635965
0.458519 0.581316
0.050084 0.632912
0.0035931 0.64178
0.0224466 0.690815
0.059771 0.683695
0.0243006 0.69522
0.458519 0.581315
0.45852 0.581314
0.458513 0.581314
0.45852 0.581314
0.45852 0.581314
0.45852 0.581314
0.45852 0.581314
0.050084 0.529716
0.00943081 0.527158
0.0113384 0.522325
0.458522 0.581307
0.237929 0.233719
0.206367 0.190278
0.158416 0.299498
0.142591 0.286406
0.117648 0.332868
0.143937 0.284079
0.458513 0.581314
0.0951935 0.381776
0.09776 0.382984
0.0953334 0.381444
0.125462 0.339333
0.117079 0.334013
0.866956 0.529716
0.458528 0.581314
0.458517 0.581313
0.458515 0.58131
0.48437 -0.0511075
0.458519 0.581313
0.458506 0.581288
0.458531 0.58131
0.331303 0.189781
0.294052 0.0956925
0.304627 0.085893
0.720936 0.264107
0.747465 0.227594
0.716095 0.182815
0.750653 0.232461
0.43267 0.170444
0.411023 -0.000931428
0.43267 -0.016436
0.458519 0.581312
0.458518 0.581307
0.758624 0.299498
0.778602 0.278224
0.780438 0.281452
0.679111 0.233719
0.710905 0.175886
0.791578 0.339333
0.804773 0.328417
0.805664 0.330394
0.81928 0.382984
0.82572 0.378897
0.826058 0.379794
0.458521 0.581312
0.458521 0.581312
0.458521 0.581313
0.458525 0.58131
0.898752 0.527715
0.45852 0.581314
0.458523 0.581313
0.857269 0.478933
0.869172 0.476663
0.897531 0.523884
edges
0 1 0 0
1 0 0 0
2 1 0 1
1 2 1 0
3 1 1 0
1 3 0 1
4 5 0 0
5 4 0 0
6 5 0 1
5 6 1 0
7 5 1 0
5 7 0 1
8 9 1 0
9 8 0 1
10 9 0 0
9 10 0 0
11 9 0 1
9 11 1 0
12 13 1 0
13 12 0 1
14 13 0 0
13 14 0 0
15 13 0 1
13 15 1 0
16 17 1 0
17 16 0 1
18 17 0 0
17 18 0 0
19 17 0 1
17 19 1 0
20 21 0 0
21 20 0 0
22 21 1 0
21 22 0 1
23 24 1 0
24 23 0 1
25 24 0 0
24 25 0 0
26 24 0 1
24 26 1 0
27 0 1 0
0 27 0 1
28 0 0 1
0 28 1 0
29 30 1 0
30 29 0 1
31 30 0 0
30 31 0 0
32 30 0 1
30 32 1 0
33 31 0 1
31 33 1 0
34 31 1 0
31 34 0 1
35 36 0 0
36 35 0 0
37 36 0 1
36 37 1 0
38 36 1 0
36 38 0 1
39 2 0 0
2 39 0 0
40 2 0 1
2 40 1 0
40 33 0 0
33 40 0 0
41 33 0 1
33 41 1 0
42 43 0 0
43 42 0 0
44 43 0 1
43 44 1 0
45 43 1 0
43 45 0 1
46 47 0 0
47 46 0 0
48 47 0 1
47 48 1 0
41 47 1 0
47 41 0 1
49 50 0 0
50 49 0 0
51 52 0 0
52 51 0 0
53 52 0 1
52 53 1 0
54 52 1 0
52 54 0 1
55 56 0 0
56 55 0 0
57 56 0 1
56 57 1 0
58 56 1 0
56 58 0 1
59 60 1 0
60 59 0 1
53 60 0 0
60 53 0 0
61 60 0 1
60 61 1 0
62 63 1 0
63 62 0 1
64 63 0 0
63 64 0 0
65 63 0 1
63 65 1 0
66 67 0 0
67 66 0 0
22 53 0 1
53 22 1 0
61 19 0 0
19 61 0 0
16 19 0 1
19 16 1 0
59 61 0 1
61 59 1 0
68 69 1 0
69 68 0 1
70 69 0 0
69 70 0 0
71 69 0 1
69 71 1 0
72 73 0 0
73 72 0 0
74 73 1 0
73 74 0 1
75 76 0 0
76 75 0 0
77 42 1 0
42 77 0 1
78 42 0 1
42 78 1 0
79 59 0 0
59 79 0 0
80 81 1 0
81 80 0 1
72 81 0 0
81 72 0 0
82 81 0 1
81 82 1 0
83 84 0 0
84 83 0 0
85 84 0 1
84 85 1 0
86 84 1 0
84 86 0 1
87 88 0 0
88 87 0 0
89 88 0 1
88 89 1 0
85 86 1 0
86 85 0 1
74 86 0 0
86 74 0 0
90 91 1 0
91 90 0 1
92 91 0 1
91 92 1 0
93 91 1 1
91 93 1 1
94 25 0 0
25 94 0 0
95 25 0 0
25 95 0 0
96 94 0 1
94 96 1 0
97 94 1 0
94 97 0 1
89 74 1 0
74 89 0 1
98 99 1 0
99 98 0 1
100 99 0 0
99 100 0 0
101 99 0 1
99 101 1 0
102 103 0 0
103 102 0 0
104 103 0 1
103 104 1 0
105 103 1 0
103 105 0 1
106 96 0 0
96 106 0 0
97 96 0 1
96 97 1 0
107 108 0 0
108 107 0 0
109 108 0 1
108 109 1 0
110 108 1 0
108 110 0 1
111 112 0 0
112 111 0 0
111 97 0 0
97 111 0 0
113 114 0 0
114 113 0 0
115 114 0 1
114 115 1 0
116 114 1 0
114 116 0 1
117 116 0 0
116 117 0 0
118 119 1 0
119 118 0 1
101 119 0 0
119 101 0 0
120 119 0 1
119 120 1 0
121 92 0 0
92 121 0 0
93 92 0 1
92 93 1 0
122 123 0 0
123 122 0 0
90 123 0 1
123 90 1 0
113 123 1 0
123 113 0 1
124 115 0 1
115 124 1 0
28 27 1 0
27 28 0 1
125 27 0 0
27 125 0 0
126 125 0 1
125 126 1 0
55 125 1 0
125 55 0 1
127 111 0 0
111 127 0 0
128 129 1 0
129 128 0 1
75 129 0 0
129 75 0 0
130 129 0 1
129 130 1 0
26 72 0 0
72 26 0 0
23 26 0 1
26 23 1 0
131 101 0 1
101 131 1 0
109 110 1 0
110 109 0 1
90 110 0 0
110 90 0 0
132 100 0 1
100 132 1 0
93 100 1 0
100 93 0 1
133 134 0 0
134 133 0 0
135 134 0 1
134 135 1 0
136 134 1 0
134 136 0 1
137 37 0 0
37 137 0 0
138 37 0 1
37 138 1 0
139 140 0 0
140 139 0 0
141 142 1 0
142 141 0 1
143 142 0 1
142 143 1 0
7 142 1 1
142 7 1 1
144 131 0 1
131 144 1 0
145 131 1 1
131 145 1 1
132 113 1 0
113 132 0 1
146 132 0 0
132 146 0 0
147 146 1 0
146 147 0 1
148 146 0 1
146 148 1 0
149 137 0 0
137 149 0 0
150 137 0 0
137 150 0 0
151 124 0 0
124 151 0 0
152 153 0 0
153 152 0 0
154 153 0 0
153 154 0 0
155 153 0 0
153 155 0 0
38 156 0 0
156 38 0 0
154 157 0 1
157 154 1 0
158 157 1 0
157 158 0 1
159 157 0 0
157 159 0 0
160 48 0 0
48 160 0 0
34 48 0 1
48 34 1 0
161 162 0 0
162 161 0 0
41 34 1 1
34 41 1 1
163 164 0 0
164 163 0 0
165 164 0 1
164 165 1 0
166 164 1 0
164 166 0 1
167 155 0 1
155 167 1 0
168 165 0 0
165 168 0 0
166 165 0 1
165 166 1 0
169 170 0 0
170 169 0 0
171 172 0 0
172 171 0 0
29 172 0 1
172 29 1 0
173 172 1 0
172 173 0 1
174 159 0 1
159 174 1 0
175 159 1 0
159 175 0 1
176 177 0 0
177 176 0 0
178 177 0 1
177 178 1 0
179 177 1 0
177 179 0 1
180 166 0 0
166 180 0 0
181 178 0 0
178 181 0 0
182 178 0 1
178 182 1 0
183 29 0 0
29 183 0 0
3 40 0 1
40 3 1 0
184 185 1 0
185 184 0 1
186 185 0 0
185 186 0 0
187 185 0 1
185 187 1 0
188 32 0 0
32 188 0 0
173 32 0 1
32 173 1 0
189 3 0 0
3 189 0 0
190 191 0 0
191 190 0 0
192 191 0 1
191 192 1 0
182 191 1 0
191 182 0 1
179 180 0 0
180 179 0 0
186 180 0 0
180 186 0 0
193 194 1 0
194 193 0 1
163 194 0 0
194 163 0 0
195 194 0 1
194 195 1 0
196 168 0 0
168 196 0 0
176 168 0 0
168 176 0 0
193 188 0 1
188 193 1 0
195 188 1 0
188 195 0 1
197 173 0 0
173 197 0 0
197 195 0 0
195 197 0 0
186 197 0 0
197 186 0 0
198 196 0 1
196 198 1 0
199 200 0 0
200 199 0 0
201 200 1 0
200 201 0 1
202 181 0 1
181 202 1 0
174 181 1 0
181 174 0 1
192 179 1 0
179 192 0 1
54 198 0 1
198 54 1 0
203 202 0 0
202 203 0 0
204 202 0 1
202 204 1 0
192 182 1 1
182 192 1 1
175 204 0 1
204 175 1 0
174 204 1 1
204 174 1 1
201 175 0 0
175 201 0 0
167 201 1 0
201 167 0 1
205 163 0 0
163 205 0 0
141 205 0 1
205 141 1 0
206 205 1 0
205 206 0 1
206 141 1 1
141 206 1 1
183 189 0 1
189 183 1 0
133 189 1 0
189 133 0 1
143 193 0 0
193 143 0 0
160 143 0 1
143 160 1 0
7 160 0 1
160 7 1 0
207 169 0 0
169 207 0 0
208 169 0 0
169 208 0 0
203 176 0 0
176 203 0 0
199 203 0 0
203 199 0 0
207 199 0 0
199 207 0 0
209 207 0 0
207 209 0 0
6 54 0 0
54 6 0 0
206 6 0 1
6 206 1 0
133 183 0 1
183 133 1 0
210 154 0 1
154 210 1 0
211 127 0 1
127 211 1 0
102 127 1 0
127 102 0 1
212 149 0 0
149 212 0 0
210 149 0 0
149 210 0 0
158 210 0 1
210 158 1 0
190 158 0 0
158 190 0 0
213 214 1 0
214 213 0 1
212 214 0 0
214 212 0 0
35 214 0 1
214 35 1 0
215 161 0 1
161 215 1 0
152 161 1 0
161 152 0 1
138 38 1 0
38 138 0 1
213 151 0 1
151 213 1 0
35 151 1 0
151 35 0 1
216 187 0 0
187 216 0 0
184 187 0 1
187 184 1 0
171 184 0 0
184 171 0 0
217 171 0 0
171 217 0 0
218 217 0 1
217 218 1 0
219 217 1 0
217 219 0 1
216 190 0 0
190 216 0 0
220 216 0 0
216 220 0 0
221 220 0 1
220 221 1 0
222 220 1 0
220 222 0 1
139 138 0 0
138 139 0 0
150 152 1 0
152 150 0 1
223 211 0 0
211 223 0 0
102 211 0 1
211 102 1 0
215 139 0 0
139 215 0 0
150 215 0 1
215 150 1 0
224 148 0 0
148 224 0 0
147 148 0 1
148 147 1 0
225 212 0 0
212 225 0 0
226 109 0 0
109 226 0 0
227 226 0 1
226 227 1 0
228 226 1 0
226 228 0 1
229 230 1 0
230 229 0 1
213 230 0 0
230 213 0 0
231 230 0 1
230 231 1 0
231 147 0 0
147 231 0 0
229 231 0 1
231 229 1 0
225 229 0 0
229 225 0 0
71 232 0 0
232 71 0 0
233 232 0 1
232 233 1 0
224 232 1 0
232 224 0 1
120 118 1 0
118 120 0 1
234 118 0 0
118 234 0 0
135 136 1 0
136 135 0 1
235 136 0 0
136 235 0 0
219 135 0 0
135 219 0 0
218 219 1 0
219 218 0 1
222 218 0 0
218 222 0 0
221 222 1 0
222 221 0 1
225 221 0 0
221 225 0 0
236 83 1 0
83 236 0 1
237 83 0 1
83 237 1 0
238 85 0 0
85 238 0 0
239 238 0 1
238 239 1 0
240 238 1 0
238 240 0 1
241 242 1 0
242 241 0 1
66 242 0 0
242 66 0 0
243 242 0 1
242 243 1 0
244 44 0 0
44 244 0 0
45 44 0 1
44 45 1 0
106 23 0 0
23 106 0 0
245 66 0 0
66 245 0 0
246 245 0 1
245 246 1 0
247 245 1 0
245 247 0 1
248 249 1 0
249 248 0 1
243 249 0 0
249 243 0 0
250 249 0 1
249 250 1 0
251 239 0 0
239 251 0 0
240 239 0 1
239 240 1 0
82 240 0 0
240 82 0 0
252 246 0 0
246 252 0 0
247 246 0 1
246 247 1 0
253 254 1 0
254 253 0 1
87 254 0 0
254 87 0 0
255 254 0 1
254 255 1 0
256 244 0 0
244 256 0 0
128 244 0 0
244 128 0 0
257 106 0 0
106 257 0 0
80 257 0 0
257 80 0 0
258 257 0 0
257 258 0 0
82 80 1 0
80 82 0 1
259 260 1 0
260 259 0 1
237 260 0 0
260 237 0 0
261 260 0 1
260 261 1 0
262 263 1 0
263 262 0 1
255 263 0 0
263 255 0 0
264 263 0 1
263 264 1 0
264 247 0 0
247 264 0 0
265 266 1 0
266 265 0 1
20 266 0 0
266 20 0 0
267 266 0 1
266 267 1 0
130 45 0 0
45 130 0 0
236 251 0 0
251 236 0 0
268 251 0 0
251 268 0 0
237 236 1 0
236 237 0 1
269 270 1 0
270 269 0 1
267 270 0 0
270 267 0 0
271 270 0 1
270 271 1 0
261 259 1 0
259 261 0 1
272 259 0 0
259 272 0 0
87 261 0 0
261 87 0 0
255 253 1 0
253 255 0 1
273 253 0 0
253 273 0 0
128 130 0 1
130 128 1 0
274 57 0 0
57 274 0 0
58 57 0 1
57 58 1 0
267 265 1 0
265 267 0 1
275 265 0 0
265 275 0 0
262 273 0 0
273 262 0 0
276 273 0 0
273 276 0 0
264 262 1 0
262 264 0 1
277 278 1 0
278 277 0 1
279 278 0 0
278 279 0 0
280 278 0 1
278 280 1 0
281 282 1 0
282 281 0 1
12 282 0 0
282 12 0 0
279 282 0 1
282 279 1 0
243 241 1 0
241 243 0 1
283 241 0 0
241 283 0 0
49 15 0 0
15 49 0 0
12 15 0 1
15 12 1 0
284 285 1 0
285 284 0 1
235 285 0 0
285 235 0 0
286 285 0 1
285 286 1 0
287 235 0 0
235 287 0 0
268 258 0 0
258 268 0 0
288 258 0 0
258 288 0 0
272 268 0 0
268 272 0 0
276 272 0 0
272 276 0 0
252 276 0 0
276 252 0 0
283 252 0 0
252 283 0 0
248 283 0 0
283 248 0 0
250 248 1 0
248 250 0 1
75 250 0 0
250 75 0 0
289 79 0 1
79 289 1 0
290 79 1 0
79 290 0 1
289 290 1 0
290 289 0 1
271 290 0 0
290 271 0 0
77 256 0 0
256 77 0 0
291 256 0 0
256 291 0 0
78 77 1 0
77 78 0 1
49 78 0 0
78 49 0 0
292 289 0 0
289 292 0 0
293 294 1 0
294 293 0 1
4 294 0 0
294 4 0 0
295 294 0 1
294 295 1 0
296 4 0 0
4 296 0 0
14 291 0 0
291 14 0 0
297 291 0 0
291 297 0 0
281 14 0 0
14 281 0 0
279 281 1 0
281 279 0 1
298 299 1 0
299 298 0 1
300 299 0 0
299 300 0 0
296 299 0 1
299 296 1 0
301 302 1 0
302 301 0 1
51 302 0 0
302 51 0 0
300 302 0 1
302 300 1 0
277 297 0 0
297 277 0 0
303 297 0 0
297 303 0 0
280 277 1 0
277 280 0 1
20 280 0 0
280 20 0 0
298 296 0 1
296 298 1 0
275 303 0 0
303 275 0 0
304 303 0 0
303 304 0 0
269 275 0 0
275 269 0 0
271 269 1 0
269 271 0 1
305 298 0 0
298 305 0 0
306 307 0 0
307 306 0 0
308 307 0 0
307 308 0 0
309 307 0 0
307 309 0 0
39 58 0 0
58 39 0 0
310 311 1 0
311 310 0 1
46 311 0 0
311 46 0 0
312 311 0 1
311 312 1 0
126 55 1 0
55 126 0 1
51 16 0 0
16 51 0 0
274 126 0 0
126 274 0 0
292 304 0 0
304 292 0 0
309 304 0 0
304 309 0 0
18 292 0 0
292 18 0 0
301 18 0 0
18 301 0 0
300 301 1 0
301 300 0 1
313 70 0 0
70 313 0 0
233 70 0 0
70 233 0 0
314 287 0 1
287 314 1 0
315 287 1 0
287 315 0 1
316 317 1 0
317 316 0 1
318 317 0 0
317 318 0 0
319 317 0 1
317 319 1 0
293 305 0 0
305 293 0 0
320 305 0 0
305 320 0 0
295 293 1 0
293 295 0 1
46 295 0 0
295 46 0 0
320 309 0 0
309 320 0 0
310 320 0 0
320 310 0 0
312 310 1 0
310 312 0 1
39 312 0 0
312 39 0 0
321 28 0 0
28 321 0 0
322 321 1 0
321 322 0 1
323 321 0 1
321 323 1 0
324 325 1 0
325 324 0 1
323 325 0 0
325 323 0 0
318 325 0 1
325 318 1 0
319 65 0 0
65 319 0 0
62 65 0 1
65 62 1 0
326 327 0 0
327 326 0 0
223 327 0 0
327 223 0 0
288 327 0 0
327 288 0 0
328 274 0 0
274 328 0 0
322 328 0 0
328 322 0 0
306 328 0 0
328 306 0 0
323 322 1 0
322 323 0 1
318 324 1 0
324 318 0 1
329 324 0 0
324 329 0 0
314 315 1 0
315 314 0 1
62 315 0 0
315 62 0 0
330 233 0 1
233 330 1 0
316 329 0 0
329 316 0 0
331 329 0 0
329 331 0 0
319 316 1 0
316 319 0 1
332 314 0 0
314 332 0 0
333 227 0 0
227 333 0 0
228 227 0 1
227 228 1 0
334 335 1 0
335 334 0 1
286 335 0 0
335 286 0 0
336 335 0 1
335 336 1 0
337 338 1 0
338 337 0 1
339 338 0 0
338 339 0 0
340 338 0 1
338 340 1 0
341 342 1 0
342 341 0 1
8 342 0 0
342 8 0 0
343 342 0 1
342 343 1 0
336 11 0 0
11 336 0 0
8 11 0 1
11 8 1 0
330 224 1 0
224 330 0 1
284 332 0 0
332 284 0 0
344 332 0 0
332 344 0 0
286 284 1 0
284 286 0 1
313 144 0 0
144 313 0 0
145 144 0 1
144 145 1 0
336 334 1 0
334 336 0 1
345 334 0 0
334 345 0 0
343 330 0 0
330 343 0 0
346 347 1 0
347 346 0 1
340 347 0 0
347 340 0 0
348 347 0 1
347 348 1 0
98 145 0 1
145 98 1 0
68 71 0 1
71 68 1 0
104 223 0 0
223 104 0 0
331 306 0 0
306 331 0 0
64 331 0 0
331 64 0 0
344 64 0 0
64 344 0 0
345 344 0 0
344 345 0 0
10 345 0 0
345 10 0 0
341 10 0 0
10 341 0 0
343 341 1 0
341 343 0 1
98 68 0 0
68 98 0 0
349 350 1 0
350 349 0 1
120 350 0 0
350 120 0 0
339 350 0 1
350 339 1 0
105 104 0 1
104 105 1 0
351 352 1 0
352 351 0 1
121 352 0 0
352 121 0 0
353 352 0 1
352 353 1 0
354 355 1 0
355 354 0 1
353 355 0 0
355 353 0 0
356 355 0 1
355 356 1 0
357 313 0 0
313 357 0 0
356 228 0 0
228 356 0 0
117 105 0 0
105 117 0 0
308 288 0 0
288 308 0 0
234 357 0 0
357 234 0 0
358 357 0 0
357 358 0 0
349 234 0 0
234 349 0 0
339 349 1 0
349 339 0 1
337 358 0 0
358 337 0 0
359 358 0 0
358 359 0 0
340 337 1 0
337 340 0 1
348 346 1 0
346 348 0 1
360 346 0 0
346 360 0 0
121 348 0 0
348 121 0 0
361 117 0 0
117 361 0 0
360 359 0 0
359 360 0 0
362 359 0 0
359 362 0 0
351 360 0 0
360 351 0 0
353 351 1 0
351 353 0 1
356 354 1 0
354 356 0 1
363 354 0 0
354 363 0 0
364 107 1 0
107 364 0 1
365 107 0 1
107 365 1 0
326 366 1 0
366 326 0 1
122 366 0 0
366 122 0 0
361 366 0 1
366 361 1 0
326 361 0 1
361 326 1 0
362 308 0 0
308 362 0 0
363 362 0 0
362 363 0 0
333 363 0 0
363 333 0 0
364 333 0 0
333 364 0 0
365 364 1 0
364 365 0 1
122 365 0 0
365 122 0 0
edgeattributes
 0.162667 0.149333 0.082667 0.413333  0.082667 0.413333 0.010667 0.456 
 0.082667 0.413333 0.010667 0.456  0.162667 0.149333 0.082667 0.413333 
 0.082667 0.413333 0.010667 0.456  0.010667 0.456 
 0.010667 0.456  0.082667 0.413333 0.010667 0.456 
 0.010667 0.456  0.162667 0.149333 0.082667 0.413333 
 0.162667 0.149333 0.082667 0.413333  0.010667 0.456 
 -0.045333 0.533333 -0.048 0.648  -0.048 0.648 -0.002667 0.722667 
 -0.048 0.648 -0.002667 0.722667  -0.045333 0.533333 -0.048 0.648 
 -0.048 0.648 -0.002667 0.722667  -0.048 0.648 
 -0.048 0.648  -0.048 0.648 -0.002667 0.722667 
 -0.048 0.648  -0.045333 0.533333 -0.048 0.648 
 -0.045333 0.533333 -0.048 0.648  -0.048 0.648 
 0.381378 0.176923  0.381378 0.176923 0.43267 0.170444 
 0.381378 0.176923 0.43267 0.170444  0.381378 0.176923 
 0.381378 0.176923 0.43267 0.170444  0.331303 0.189781 0.381378 0.176923 
 0.331303 0.189781 0.381378 0.176923  0.381378 0.176923 0.43267 0.170444 
 0.331303 0.189781 0.381378 0.176923  0.381378 0.176923 
 0.381378 0.176923  0.331303 0.189781 0.381378 0.176923 
 0.283234 0.953816  0.283234 0.953816 0.237929 0.928909 
 0.283234 0.953816 0.237929 0.928909  0.283234 0.953816 
 0.283234 0.953816 0.237929 0.928909  0.331303 0.972847 0.283234 0.953816 
 0.331303 0.972847 0.283234 0.953816  0.283234 0.953816 0.237929 0.928909 
 0.331303 0.972847 0.283234 0.953816  0.283234 0.953816 
 0.283234 0.953816  0.331303 0.972847 0.283234 0.953816 
 0.075747 0.732864  0.075747 0.732864 0.059771 0.683695 
 0.075747 0.732864 0.059771 0.683695  0.075747 0.732864 
 0.075747 0.732864 0.059771 0.683695  0.09776 0.779644 0.075747 0.732864 
 0.09776 0.779644 0.075747 0.732864  0.075747 0.732864 0.059771 0.683695 
 0.09776 0.779644 0.075747 0.732864  0.075747 0.732864 
 0.075747 0.732864  0.09776 0.779644 0.075747 0.732864 
 0.093333 0.781333 0.162667 0.893333  0.162667 0.893333 0.285333 0.965333 
 0.162667 0.893333 0.285333 0.965333  0.093333 0.781333 0.162667 0.893333 
 0.162667 0.893333  0.093333 0.781333 0.162667 0.893333 
 0.093333 0.781333 0.162667 0.893333  0.162667 0.893333 
 0.841293 0.732864  0.857269 0.683695 0.841293 0.732864 
 0.857269 0.683695 0.841293 0.732864  0.841293 0.732864 
 0.857269 0.683695 0.841293 0.732864  0.88 0.794667 0.922667 0.738667 
 0.88 0.794667 0.922667 0.738667  0.857269 0.683695 0.841293 0.732864 
 0.88 0.794667 0.922667 0.738667  0.841293 0.732864 
 0.841293 0.732864  0.88 0.794667 0.922667 0.738667 
 0.082667 0.413333  0.082667 0.413333 0.010667 0.456 
 0.082667 0.413333 0.010667 0.456  0.082667 0.413333 
 0.162667 0.149333 0.082667 0.413333  0.082667 0.413333 
 0.082667 0.413333  0.162667 0.149333 0.082667 0.413333 
 -0.405333 -0.650667  -0.408 -0.210667 -0.296 -0.226667 
 -0.408 -0.210667 -0.296 -0.226667  -0.405333 -0.650667 
 -0.408 -0.210667 -0.296 -0.226667  -0.672 -0.285333 -0.408 -0.210667 
 -0.672 -0.285333 -0.408 -0.210667  -0.408 -0.210667 -0.296 -0.226667 
 -0.672 -0.285333 -0.408 -0.210667  -0.405333 -0.650667 
 -0.405333 -0.650667  -0.672 -0.285333 -0.408 -0.210667 
 -0.408 -0.210667 -0.296 -0.226667  -0.408 -0.210667 
 -0.408 -0.210667  -0.408 -0.210667 -0.296 -0.226667 
 -0.408 -0.210667  -0.672 -0.285333 -0.408 -0.210667 
 -0.672 -0.285333 -0.408 -0.210667  -0.408 -0.210667 
 0.765333 -0.445333 0.642667 -0.784  0.304 -0.517333 0.330667 -0.392 
 0.304 -0.517333 0.330667 -0.392  0.765333 -0.445333 0.642667 -0.784 
 0.304 -0.517333 0.330667 -0.392  0.304 -0.517333 
 0.304 -0.517333  0.304 -0.517333 0.330667 -0.392 
 0.304 -0.517333  0.765333 -0.445333 0.642667 -0.784 
 0.765333 -0.445333 0.642667 -0.784  0.304 -0.517333 
 0.082667 0.413333 0.010667 0.456  0.010667 0.456 -0.045333 0.533333 
 0.010667 0.456 -0.045333 0.533333  0.082667 0.413333 0.010667 0.456 
 0.010667 0.456 -0.045333 0.533333  0.010667 0.456 
 0.010667 0.456  0.010667 0.456 -0.045333 0.533333 
 -0.408 -0.210667 -0.296 -0.226667  0.010667 0.456 -0.045333 0.533333 
 0.010667 0.456 -0.045333 0.533333  -0.408 -0.210667 -0.296 -0.226667 
 0.010667 0.456 -0.045333 0.533333  -0.408 -0.210667 
 -0.408 -0.210667  0.010667 0.456 -0.045333 0.533333 
 0.285333 0.965333 0.448 1  0.381378 0.985705 0.331303 0.972847 
 0.381378 0.985705 0.331303 0.972847  0.285333 0.965333 0.448 1 
 0.381378 0.985705 0.331303 0.972847  0.381378 0.985705 
 0.381378 0.985705  0.381378 0.985705 0.331303 0.972847 
 0.381378 0.985705  0.285333 0.965333 0.448 1 
 0.285333 0.965333 0.448 1  0.381378 0.985705 
 0.010667 0.456 -0.045333 0.533333  -0.045333 0.533333 -0.048 0.648 
 -0.045333 0.533333 -0.048 0.648  0.010667 0.456 -0.045333 0.533333 
 -0.045333 0.533333 -0.048 0.648  -0.045333 0.533333 
 -0.045333 0.533333  -0.045333 0.533333 -0.048 0.648 
 -0.045333 0.533333  0.010667 0.456 -0.045333 0.533333 
 0.010667 0.456 -0.045333 0.533333  -0.045333 0.533333 
 0.162667 0.893333 0.285333 0.965333  0.285333 0.965333 0.448 1 
 0.285333 0.965333 0.448 1  0.162667 0.893333 0.285333 0.965333 
 -0.048 0.648 -0.002667 0.722667  -0.002667 0.722667 0.093333 0.781333 
 -0.002667 0.722667 0.093333 0.781333  -0.048 0.648 -0.002667 0.722667 
 -0.002667 0.722667 0.093333 0.781333  -0.002667 0.722667 
 -0.002667 0.722667  -0.002667 0.722667 0.093333 0.781333 
 -0.002667 0.722667  -0.048 0.648 -0.002667 0.722667 
 -0.048 0.648 -0.002667 0.722667  -0.002667 0.722667 
 0.082667 0.413333 0.010667 0.456  0.059771 0.478933 0.075747 0.429764 
 0.059771 0.478933 0.075747 0.429764  0.082667 0.413333 0.010667 0.456 
 0.059771 0.478933 0.075747 0.429764  0.059771 0.478933 
 0.059771 0.478933  0.059771 0.478933 0.075747 0.429764 
 0.059771 0.478933  0.082667 0.413333 0.010667 0.456 
 0.082667 0.413333 0.010667 0.456  0.059771 0.478933 
 0.093333 0.781333  0.093333 0.781333 0.162667 0.893333 
 0.093333 0.781333 0.162667 0.893333  0.093333 0.781333 
 0.093333 0.781333 0.162667 0.893333  -0.002667 0.722667 0.093333 0.781333 
 -0.002667 0.722667 0.093333 0.781333  0.093333 0.781333 0.162667 0.893333 
 -0.002667 0.722667 0.093333 0.781333  0.093333 0.781333 
 0.093333 0.781333  -0.002667 0.722667 0.093333 0.781333 
 0.196104 0.264107  0.196104 0.264107 0.237929 0.233719 
 0.196104 0.264107 0.237929 0.233719  0.196104 0.264107 
 0.196104 0.264107 0.237929 0.233719  0.158416 0.299498 0.196104 0.264107 
 0.158416 0.299498 0.196104 0.264107  0.196104 0.264107 0.237929 0.233719 
 0.158416 0.299498 0.196104 0.264107  0.196104 0.264107 
 0.196104 0.264107  0.158416 0.299498 0.196104 0.264107 
 0.448 1 0.586667 0.984  0.586667 0.984 0.704 0.930667 
 0.586667 0.984 0.704 0.930667  0.448 1 0.586667 0.984 
 0.093333 0.781333 0.162667 0.893333  -0.002667 0.722667 
 -0.002667 0.722667  0.093333 0.781333 0.162667 0.893333 
 0.09776 0.779644 0.075747 0.732864  -0.002667 0.722667 0.093333 0.781333 
 -0.002667 0.722667 0.093333 0.781333  0.09776 0.779644 0.075747 0.732864 
 -0.002667 0.722667 0.093333 0.781333  0.075747 0.732864 
 0.075747 0.732864  -0.002667 0.722667 0.093333 0.781333 
 0.09776 0.779644 0.075747 0.732864  0.093333 0.781333 
 0.093333 0.781333  0.09776 0.779644 0.075747 0.732864 
 0.535662 0.176923  0.535662 0.176923 0.585737 0.189781 
 0.535662 0.176923 0.585737 0.189781  0.535662 0.176923 
 0.535662 0.176923 0.585737 0.189781  0.48437 0.170444 0.535662 0.176923 
 0.48437 0.170444 0.535662 0.176923  0.535662 0.176923 0.585737 0.189781 
 0.48437 0.170444 0.535662 0.176923  0.535662 0.176923 
 0.535662 0.176923  0.48437 0.170444 0.535662 0.176923 
 0.786667 0.834667 0.88 0.794667  0.88 0.794667 0.922667 0.738667 
 0.88 0.794667 0.922667 0.738667  0.786667 0.834667 0.88 0.794667 
 0.88 0.794667  0.786667 0.834667 0.88 0.794667 
 0.786667 0.834667 0.88 0.794667  0.88 0.794667 
 0.285333 0.965333 0.448 1  0.448 1 0.586667 0.984 
 0.448 1 0.586667 0.984  0.285333 0.965333 0.448 1 
 0.331303 0.972847  0.381378 0.985705 0.331303 0.972847 
 0.381378 0.985705 0.331303 0.972847  0.331303 0.972847 
 0.285333 0.965333 0.448 1  0.331303 0.972847 
 0.331303 0.972847  0.285333 0.965333 0.448 1 
 0.09776 0.779644 0.075747 0.732864  0.093333 0.781333 0.162667 0.893333 
 0.093333 0.781333 0.162667 0.893333  0.09776 0.779644 0.075747 0.732864 
 0.81928 0.779644  0.841293 0.732864 0.81928 0.779644 
 0.841293 0.732864 0.81928 0.779644  0.81928 0.779644 
 0.841293 0.732864 0.81928 0.779644  0.786667 0.834667 0.88 0.794667 
 0.786667 0.834667 0.88 0.794667  0.841293 0.732864 0.81928 0.779644 
 0.786667 0.834667 0.88 0.794667  0.81928 0.779644 
 0.81928 0.779644  0.786667 0.834667 0.88 0.794667 
 0.704 0.930667 0.786667 0.834667  0.791578 0.823295 0.758624 0.86313 
 0.791578 0.823295 0.758624 0.86313  0.704 0.930667 0.786667 0.834667 
 0.791578 0.823295 0.758624 0.86313  0.786667 0.834667 
 0.786667 0.834667  0.791578 0.823295 0.758624 0.86313 
 0.786667 0.834667  0.704 0.930667 0.786667 0.834667 
 0.704 0.930667 0.786667 0.834667  0.786667 0.834667 
 0.586667 0.984 0.704 0.930667  0.704 0.930667 0.786667 0.834667 
 0.704 0.930667 0.786667 0.834667  0.586667 0.984 0.704 0.930667 
 0.704 0.930667 0.786667 0.834667  0.704 0.930667 
 0.704 0.930667  0.704 0.930667 0.786667 0.834667 
 0.786667 0.834667  0.786667 0.834667 0.88 0.794667 
 0.786667 0.834667 0.88 0.794667  0.786667 0.834667 
 0.786667 0.834667 0.88 0.794667  0.704 0.930667 0.786667 0.834667 
 0.704 0.930667 0.786667 0.834667  0.786667 0.834667 0.88 0.794667 
 0.909333 0.48  0.850667 0.456 0.818667 0.312 
 0.850667 0.456 0.818667 0.312  0.909333 0.48 
 0.850667 0.456 0.818667 0.312  0.818667 0.312 
 0.818667 0.312  0.850667 0.456 0.818667 0.312 
 0.818667 0.312  0.909333 0.48 
 0.909333 0.48  0.818667 0.312 
 0.857269 0.683695 0.841293 0.732864  0.922667 0.738667 0.946667 0.661333 
 0.922667 0.738667 0.946667 0.661333  0.857269 0.683695 0.841293 0.732864 
 0.922667 0.738667 0.946667 0.661333  0.88 0.794667 0.922667 0.738667 
 0.88 0.794667 0.922667 0.738667  0.922667 0.738667 0.946667 0.661333 
 0.857269 0.683695 0.841293 0.732864  0.857269 0.683695 
 0.857269 0.683695  0.857269 0.683695 0.841293 0.732864 
 0.857269 0.683695  0.922667 0.738667 0.946667 0.661333 
 0.922667 0.738667 0.946667 0.661333  0.857269 0.683695 
 0.88 0.794667  0.704 0.930667 0.786667 0.834667 
 0.704 0.930667 0.786667 0.834667  0.88 0.794667 
 0.746667 0.061333  0.746667 0.061333 0.749333 -0.128 
 0.746667 0.061333 0.749333 -0.128  0.746667 0.061333 
 0.746667 0.061333 0.749333 -0.128  0.818667 0.312 0.746667 0.061333 
 0.818667 0.312 0.746667 0.061333  0.746667 0.061333 0.749333 -0.128 
 0.818667 0.312 0.746667 0.061333  0.746667 0.061333 
 0.746667 0.061333  0.818667 0.312 0.746667 0.061333 
 0.946667 0.661333 0.949333 0.554667  0.870203 0.581314 0.866956 0.632912 
 0.870203 0.581314 0.866956 0.632912  0.946667 0.661333 0.949333 0.554667 
 0.870203 0.581314 0.866956 0.632912  0.870203 0.581314 
 0.870203 0.581314  0.870203 0.581314 0.866956 0.632912 
 0.870203 0.581314  0.946667 0.661333 0.949333 0.554667 
 0.946667 0.661333 0.949333 0.554667  0.870203 0.581314 
 0.857269 0.683695 0.841293 0.732864  0.866956 0.632912 0.857269 0.683695 
 0.866956 0.632912 0.857269 0.683695  0.857269 0.683695 0.841293 0.732864 
 0.866956 0.632912 0.857269 0.683695  0.857269 0.683695 
 0.857269 0.683695  0.866956 0.632912 0.857269 0.683695 
 0.909333 0.48 0.850667 0.456  0.841293 0.429764 0.857269 0.478933 
 0.841293 0.429764 0.857269 0.478933  0.909333 0.48 0.850667 0.456 
 0.841293 0.429764 0.857269 0.478933  0.850667 0.456 
 0.850667 0.456  0.841293 0.429764 0.857269 0.478933 
 0.850667 0.456  0.909333 0.48 0.850667 0.456 
 0.909333 0.48 0.850667 0.456  0.850667 0.456 
 0.922667 0.738667 0.946667 0.661333  0.946667 0.661333 0.949333 0.554667 
 0.946667 0.661333 0.949333 0.554667  0.922667 0.738667 0.946667 0.661333 
 0.866956 0.632912 0.857269 0.683695  0.922667 0.738667 0.946667 0.661333 
 0.922667 0.738667 0.946667 0.661333  0.866956 0.632912 0.857269 0.683695 
 0.949333 0.554667 0.909333 0.48  0.749333 -0.128 0.765333 -0.445333 
 0.749333 -0.128 0.765333 -0.445333  0.949333 0.554667 0.909333 0.48 
 0.749333 -0.128 0.765333 -0.445333  0.949333 0.554667 
 0.949333 0.554667  0.749333 -0.128 0.765333 -0.445333 
 0.949333 0.554667  0.949333 0.554667 0.909333 0.48 
 0.949333 0.554667 0.909333 0.48  0.949333 0.554667 
 0.946667 0.661333 0.949333 0.554667  0.949333 0.554667 0.909333 0.48 
 0.949333 0.554667 0.909333 0.48  0.946667 0.661333 0.949333 0.554667 
 0.633806 0.208812  0.585737 0.189781 0.633806 0.208812 
 0.585737 0.189781 0.633806 0.208812  0.633806 0.208812 
 0.585737 0.189781 0.633806 0.208812  0.818667 0.312 0.746667 0.061333 
 0.818667 0.312 0.746667 0.061333  0.585737 0.189781 0.633806 0.208812 
 0.818667 0.312 0.746667 0.061333  0.633806 0.208812 
 0.633806 0.208812  0.818667 0.312 0.746667 0.061333 
 0.850667 0.456 0.818667 0.312  0.818667 0.312 0.746667 0.061333 
 0.818667 0.312 0.746667 0.061333  0.850667 0.456 0.818667 0.312 
 0.818667 0.312 0.746667 0.061333  0.818667 0.312 
 0.818667 0.312  0.818667 0.312 0.746667 0.061333 
 0.949333 0.554667 0.909333 0.48  0.909333 0.48 0.850667 0.456 
 0.909333 0.48 0.850667 0.456  0.949333 0.554667 0.909333 0.48 
 0.909333 0.48 0.850667 0.456  0.909333 0.48 
 0.909333 0.48  0.909333 0.48 0.850667 0.456 
 0.909333 0.48  0.949333 0.554667 0.909333 0.48 
 0.949333 0.554667 0.909333 0.48  0.909333 0.48 
 0.749333 -0.128 0.765333 -0.445333  0.765333 -0.445333 
 0.765333 -0.445333  0.749333 -0.128 0.765333 -0.445333 
 0.082667 0.413333  0.075747 0.429764 0.09776 0.382984 
 0.075747 0.429764 0.09776 0.382984  0.082667 0.413333 
 0.075747 0.429764 0.09776 0.382984  0.082667 0.413333 0.010667 0.456 
 0.082667 0.413333 0.010667 0.456  0.075747 0.429764 0.09776 0.382984 
 0.075747 0.429764 0.09776 0.382984  0.075747 0.429764 
 0.075747 0.429764  0.075747 0.429764 0.09776 0.382984 
 0.075747 0.429764  0.082667 0.413333 0.010667 0.456 
 0.082667 0.413333 0.010667 0.456  0.075747 0.429764 
 0.866956 0.632912 0.857269 0.683695  0.946667 0.661333 0.949333 0.554667 
 0.946667 0.661333 0.949333 0.554667  0.866956 0.632912 0.857269 0.683695 
 0.43267 0.992184  0.48437 0.992184 0.43267 0.992184 
 0.48437 0.992184 0.43267 0.992184  0.43267 0.992184 
 0.48437 0.992184 0.43267 0.992184  0.285333 0.965333 0.448 1 
 0.285333 0.965333 0.448 1  0.48437 0.992184 0.43267 0.992184 
 0.285333 0.965333 0.448 1  0.43267 0.992184 
 0.43267 0.992184  0.285333 0.965333 0.448 1 
 0.841293 0.732864 0.81928 0.779644  0.88 0.794667 0.922667 0.738667 
 0.88 0.794667 0.922667 0.738667  0.841293 0.732864 0.81928 0.779644 
 0.841293 0.732864 0.81928 0.779644  0.841293 0.732864 
 0.841293 0.732864  0.841293 0.732864 0.81928 0.779644 
 0.585737 0.189781 0.633806 0.208812  0.746667 0.061333 
 0.746667 0.061333  0.585737 0.189781 0.633806 0.208812 
 0.850667 0.456  0.850667 0.456 0.818667 0.312 
 0.850667 0.456 0.818667 0.312  0.850667 0.456 
 0.850667 0.456 0.818667 0.312  0.909333 0.48 0.850667 0.456 
 0.909333 0.48 0.850667 0.456  0.850667 0.456 0.818667 0.312 
 0.746667 0.061333 0.749333 -0.128  0.909333 0.48 
 0.909333 0.48  0.746667 0.061333 0.749333 -0.128 
 0.909333 0.48  0.818667 0.312 0.746667 0.061333 
 0.818667 0.312 0.746667 0.061333  0.909333 0.48 
 0.162667 0.149333 0.082667 0.413333  -0.296 -0.226667 -0.133333 -0.293333 
 -0.296 -0.226667 -0.133333 -0.293333  0.162667 0.149333 0.082667 0.413333 
 -0.296 -0.226667 -0.133333 -0.293333  0.162667 0.149333 
 0.162667 0.149333  -0.296 -0.226667 -0.133333 -0.293333 
 0.162667 0.149333  0.162667 0.149333 0.082667 0.413333 
 0.162667 0.149333 0.082667 0.413333  0.162667 0.149333 
 0.304 -0.517333 0.330667 -0.392  0.218667 -0.557333 0.304 -0.517333 
 0.218667 -0.557333 0.304 -0.517333  0.304 -0.517333 0.330667 -0.392 
 0.218667 -0.557333 0.304 -0.517333  0.304 -0.517333 
 0.304 -0.517333  0.218667 -0.557333 0.304 -0.517333 
 0.642667 -0.784 0.434667 -0.949333  0.434667 -0.949333 0.250667 -1 
 0.434667 -0.949333 0.250667 -1  0.642667 -0.784 0.434667 -0.949333 
 -0.048 0.648  -0.802667 -0.386667 -0.672 -0.285333 
 -0.802667 -0.386667 -0.672 -0.285333  -0.048 0.648 
 -0.802667 -0.386667 -0.672 -0.285333  -0.672 -0.285333 
 -0.672 -0.285333  -0.802667 -0.386667 -0.672 -0.285333 
 -0.672 -0.285333  -0.048 0.648 
 -0.048 0.648  -0.672 -0.285333 
 0.585737 0.189781 0.633806 0.208812  0.585737 0.189781 
 0.585737 0.189781  0.585737 0.189781 0.633806 0.208812 
 0.585737 0.189781  0.746667 0.061333 
 0.746667 0.061333  0.585737 0.189781 
 0.909333 0.48  0.749333 -0.128 0.765333 -0.445333 
 0.749333 -0.128 0.765333 -0.445333  0.909333 0.48 
 0.746667 0.061333 0.749333 -0.128  0.749333 -0.128 0.765333 -0.445333 
 0.749333 -0.128 0.765333 -0.445333  0.746667 0.061333 0.749333 -0.128 
 0.749333 -0.128  0.749333 -0.128 0.765333 -0.445333 
 0.749333 -0.128 0.765333 -0.445333  0.749333 -0.128 
 0.746667 0.061333 0.749333 -0.128  0.749333 -0.128 
 0.749333 -0.128  0.746667 0.061333 0.749333 -0.128 
 0.304 -0.517333 0.330667 -0.392  0.125333 -0.533333 0.218667 -0.557333 
 0.125333 -0.533333 0.218667 -0.557333  0.304 -0.517333 0.330667 -0.392 
 0.125333 -0.533333 0.218667 -0.557333  0.218667 -0.557333 0.304 -0.517333 
 0.218667 -0.557333 0.304 -0.517333  0.125333 -0.533333 0.218667 -0.557333 
 0.749333 -0.128 0.765333 -0.445333  0.765333 -0.445333 0.642667 -0.784 
 0.765333 -0.445333 0.642667 -0.784  0.749333 -0.128 0.765333 -0.445333 
 0.250667 -1 0.08 -0.986667  0.125333 -0.533333 0.218667 -0.557333 
 0.125333 -0.533333 0.218667 -0.557333  0.250667 -1 0.08 -0.986667 
 0.125333 -0.533333 0.218667 -0.557333  0.08 -0.986667 -0.069333 -0.933333 
 0.08 -0.986667 -0.069333 -0.933333  0.125333 -0.533333 0.218667 -0.557333 
 0.08 -0.986667 -0.069333 -0.933333  0.250667 -1 0.08 -0.986667 
 0.250667 -1 0.08 -0.986667  0.08 -0.986667 -0.069333 -0.933333 
 0.765333 -0.445333 0.642667 -0.784  0.642667 -0.784 0.434667 -0.949333 
 0.642667 -0.784 0.434667 -0.949333  0.765333 -0.445333 0.642667 -0.784 
 0.08 -0.986667 -0.069333 -0.933333  0.125333 -0.533333 
 0.125333 -0.533333  0.08 -0.986667 -0.069333 -0.933333 
 0.125333 -0.533333  -0.069333 -0.933333 -0.221333 -0.808 
 -0.069333 -0.933333 -0.221333 -0.808  0.125333 -0.533333 
 -0.069333 -0.933333 -0.221333 -0.808  0.08 -0.986667 -0.069333 -0.933333 
 0.08 -0.986667 -0.069333 -0.933333  -0.069333 -0.933333 -0.221333 -0.808 
 -0.045333 0.533333 -0.048 0.648  -0.672 -0.285333 -0.408 -0.210667 
 -0.672 -0.285333 -0.408 -0.210667  -0.045333 0.533333 -0.048 0.648 
 -0.672 -0.285333 -0.408 -0.210667  -0.045333 0.533333 
 -0.045333 0.533333  -0.672 -0.285333 -0.408 -0.210667 
 0.434667 -0.949333 0.250667 -1  0.250667 -1 0.08 -0.986667 
 0.250667 -1 0.08 -0.986667  0.434667 -0.949333 0.250667 -1 
 -0.408 -0.210667  -0.045333 0.533333 
 -0.045333 0.533333  -0.408 -0.210667 
 -0.458667 -0.666667 -0.522667 -0.730667  -0.893333 -0.490667 -0.802667 -0.386667 
 -0.893333 -0.490667 -0.802667 -0.386667  -0.458667 -0.666667 -0.522667 -0.730667 
 -0.893333 -0.490667 -0.802667 -0.386667  -0.522667 -0.730667 
 -0.522667 -0.730667  -0.893333 -0.490667 -0.802667 -0.386667 
 -0.522667 -0.730667  -0.458667 -0.666667 -0.522667 -0.730667 
 -0.458667 -0.666667 -0.522667 -0.730667  -0.522667 -0.730667 
 0.08 -0.986667 -0.069333 -0.933333  0.08 -0.986667 
 0.08 -0.986667  0.08 -0.986667 -0.069333 -0.933333 
 -0.893333 -0.490667 -0.802667 -0.386667  -0.522667 -0.730667 -0.578667 -0.802667 
 -0.522667 -0.730667 -0.578667 -0.802667  -0.893333 -0.490667 -0.802667 -0.386667 
 -0.522667 -0.730667 -0.578667 -0.802667  -0.522667 -0.730667 
 -0.522667 -0.730667  -0.522667 -0.730667 -0.578667 -0.802667 
 -0.762667 -0.866667 -0.882667 -0.813333  -0.882667 -0.813333 -0.938667 -0.728 
 -0.882667 -0.813333 -0.938667 -0.728  -0.762667 -0.866667 -0.882667 -0.813333 
 -0.344 -0.68 -0.405333 -0.650667  -0.296 -0.226667 -0.133333 -0.293333 
 -0.296 -0.226667 -0.133333 -0.293333  -0.344 -0.68 -0.405333 -0.650667 
 -0.296 -0.226667 -0.133333 -0.293333  -0.405333 -0.650667 
 -0.405333 -0.650667  -0.296 -0.226667 -0.133333 -0.293333 
 -0.405333 -0.650667  -0.344 -0.68 -0.405333 -0.650667 
 -0.344 -0.68 -0.405333 -0.650667  -0.405333 -0.650667 
 -0.069333 -0.933333 -0.221333 -0.808  -0.069333 -0.933333 
 -0.069333 -0.933333  -0.069333 -0.933333 -0.221333 -0.808 
 -0.069333 -0.933333  0.08 -0.986667 -0.069333 -0.933333 
 0.08 -0.986667 -0.069333 -0.933333  -0.069333 -0.933333 
 -0.522667 -0.730667 -0.578667 -0.802667  -0.578667 -0.802667 -0.656 -0.850667 
 -0.578667 -0.802667 -0.656 -0.850667  -0.522667 -0.730667 -0.578667 -0.802667 
 -0.578667 -0.802667 -0.656 -0.850667  -0.578667 -0.802667 
 -0.578667 -0.802667  -0.578667 -0.802667 -0.656 -0.850667 
 -0.578667 -0.802667  -0.522667 -0.730667 -0.578667 -0.802667 
 -0.522667 -0.730667 -0.578667 -0.802667  -0.578667 -0.802667 
 -0.522667 -0.730667 -0.578667 -0.802667  -0.458667 -0.666667 -0.522667 -0.730667 
 -0.458667 -0.666667 -0.522667 -0.730667  -0.522667 -0.730667 -0.578667 -0.802667 
 -0.578667 -0.802667 -0.656 -0.850667  -0.069333 -0.933333 -0.221333 -0.808 
 -0.069333 -0.933333 -0.221333 -0.808  -0.578667 -0.802667 -0.656 -0.850667 
 -0.069333 -0.933333 -0.221333 -0.808  -0.578667 -0.802667 
 -0.578667 -0.802667  -0.069333 -0.933333 -0.221333 -0.808 
 -0.296 -0.226667 -0.133333 -0.293333  -0.408 -0.210667 -0.296 -0.226667 
 -0.408 -0.210667 -0.296 -0.226667  -0.296 -0.226667 -0.133333 -0.293333 
 -0.408 -0.210667 -0.296 -0.226667  0.010667 0.456 
 0.010667 0.456  -0.408 -0.210667 -0.296 -0.226667 
 -0.344 -0.68  -0.344 -0.68 -0.405333 -0.650667 
 -0.344 -0.68 -0.405333 -0.650667  -0.344 -0.68 
 -0.344 -0.68 -0.405333 -0.650667  -0.221333 -0.808 -0.344 -0.68 
 -0.221333 -0.808 -0.344 -0.68  -0.344 -0.68 -0.405333 -0.650667 
 -0.221333 -0.808 -0.344 -0.68  -0.344 -0.68 
 -0.344 -0.68  -0.221333 -0.808 -0.344 -0.68 
 -0.672 -0.285333 -0.408 -0.210667  -0.405333 -0.650667 -0.458667 -0.666667 
 -0.405333 -0.650667 -0.458667 -0.666667  -0.672 -0.285333 -0.408 -0.210667 
 -0.405333 -0.650667 -0.458667 -0.666667  -0.405333 -0.650667 
 -0.405333 -0.650667  -0.405333 -0.650667 -0.458667 -0.666667 
 -0.408 -0.210667 -0.296 -0.226667  0.162667 0.149333 0.082667 0.413333 
 0.162667 0.149333 0.082667 0.413333  -0.408 -0.210667 -0.296 -0.226667 
 -0.069333 -0.933333 -0.221333 -0.808  -0.221333 -0.808 -0.344 -0.68 
 -0.221333 -0.808 -0.344 -0.68  -0.069333 -0.933333 -0.221333 -0.808 
 -0.221333 -0.808 -0.344 -0.68  -0.221333 -0.808 
 -0.221333 -0.808  -0.221333 -0.808 -0.344 -0.68 
 -0.221333 -0.808  -0.069333 -0.933333 -0.221333 -0.808 
 -0.069333 -0.933333 -0.221333 -0.808  -0.221333 -0.808 
 -0.522667 -0.730667 -0.578667 -0.802667  -0.221333 -0.808 -0.344 -0.68 
 -0.221333 -0.808 -0.344 -0.68  -0.522667 -0.730667 -0.578667 -0.802667 
 -0.221333 -0.808 -0.344 -0.68  -0.458667 -0.666667 -0.522667 -0.730667 
 -0.458667 -0.666667 -0.522667 -0.730667  -0.221333 -0.808 -0.344 -0.68 
 -0.458667 -0.666667  -0.802667 -0.386667 -0.672 -0.285333 
 -0.802667 -0.386667 -0.672 -0.285333  -0.458667 -0.666667 
 -0.802667 -0.386667 -0.672 -0.285333  -0.458667 -0.666667 -0.522667 -0.730667 
 -0.458667 -0.666667 -0.522667 -0.730667  -0.802667 -0.386667 -0.672 -0.285333 
 -0.458667 -0.666667 -0.522667 -0.730667  -0.458667 -0.666667 
 -0.458667 -0.666667  -0.458667 -0.666667 -0.522667 -0.730667 
 -0.893333 -0.490667 -0.802667 -0.386667  -0.949333 -0.629333 -0.893333 -0.490667 
 -0.949333 -0.629333 -0.893333 -0.490667  -0.893333 -0.490667 -0.802667 -0.386667 
 -0.949333 -0.629333 -0.893333 -0.490667  -0.522667 -0.730667 -0.578667 -0.802667 
 -0.522667 -0.730667 -0.578667 -0.802667  -0.949333 -0.629333 -0.893333 -0.490667 
 -0.672 -0.285333 -0.408 -0.210667  -0.458667 -0.666667 
 -0.458667 -0.666667  -0.672 -0.285333 -0.408 -0.210667 
 -0.458667 -0.666667  -0.405333 -0.650667 -0.458667 -0.666667 
 -0.405333 -0.650667 -0.458667 -0.666667  -0.458667 -0.666667 
 -0.405333 -0.650667 -0.458667 -0.666667  -0.344 -0.68 -0.405333 -0.650667 
 -0.344 -0.68 -0.405333 -0.650667  -0.405333 -0.650667 -0.458667 -0.666667 
 -0.458667 -0.666667 -0.522667 -0.730667  -0.405333 -0.650667 -0.458667 -0.666667 
 -0.405333 -0.650667 -0.458667 -0.666667  -0.458667 -0.666667 -0.522667 -0.730667 
 -0.458667 -0.666667 -0.522667 -0.730667  -0.344 -0.68 -0.405333 -0.650667 
 -0.344 -0.68 -0.405333 -0.650667  -0.458667 -0.666667 -0.522667 -0.730667 
 -0.893333 -0.490667 -0.802667 -0.386667  -0.893333 -0.490667 
 -0.893333 -0.490667  -0.893333 -0.490667 -0.802667 -0.386667 
 -0.656 -0.850667 -0.762667 -0.866667  -0.762667 -0.866667 -0.882667 -0.813333 
 -0.762667 -0.866667 -0.882667 -0.813333  -0.656 -0.850667 -0.762667 -0.866667 
 -0.762667 -0.866667  -0.656 -0.850667 -0.762667 -0.866667 
 -0.656 -0.850667 -0.762667 -0.866667  -0.762667 -0.866667 
 -0.578667 -0.802667 -0.656 -0.850667  -0.656 -0.850667 
 -0.656 -0.850667  -0.578667 -0.802667 -0.656 -0.850667 
 -0.656 -0.850667  -0.069333 -0.933333 -0.221333 -0.808 
 -0.069333 -0.933333 -0.221333 -0.808  -0.656 -0.850667 
 -0.578667 -0.802667  -0.221333 -0.808 -0.344 -0.68 
 -0.221333 -0.808 -0.344 -0.68  -0.578667 -0.802667 
 -0.893333 -0.490667 -0.802667 -0.386667  -0.002667 0.722667 
 -0.002667 0.722667  -0.893333 -0.490667 -0.802667 -0.386667 
 -0.578667 -0.802667 -0.656 -0.850667  -0.656 -0.850667 -0.762667 -0.866667 
 -0.656 -0.850667 -0.762667 -0.866667  -0.578667 -0.802667 -0.656 -0.850667 
 -0.656 -0.850667 -0.762667 -0.866667  -0.656 -0.850667 
 -0.656 -0.850667  -0.656 -0.850667 -0.762667 -0.866667 
 -0.221333 -0.808  -0.578667 -0.802667 
 -0.578667 -0.802667  -0.221333 -0.808 
 -0.656 -0.850667 -0.762667 -0.866667  -0.069333 -0.933333 
 -0.069333 -0.933333  -0.656 -0.850667 -0.762667 -0.866667 
 -0.069333 -0.933333  -0.656 -0.850667 
 -0.656 -0.850667  -0.069333 -0.933333 
 -0.656 -0.850667 -0.762667 -0.866667  0.08 -0.986667 -0.069333 -0.933333 
 0.08 -0.986667 -0.069333 -0.933333  -0.656 -0.850667 -0.762667 -0.866667 
 -0.762667 -0.866667  0.08 -0.986667 -0.069333 -0.933333 
 0.08 -0.986667 -0.069333 -0.933333  -0.762667 -0.866667 
 -0.802667 -0.386667 -0.672 -0.285333  -0.893333 -0.490667 -0.802667 -0.386667 
 -0.893333 -0.490667 -0.802667 -0.386667  -0.802667 -0.386667 -0.672 -0.285333 
 -0.802667 -0.386667 -0.672 -0.285333  -0.802667 -0.386667 
 -0.802667 -0.386667  -0.802667 -0.386667 -0.672 -0.285333 
 -0.802667 -0.386667  -0.893333 -0.490667 -0.802667 -0.386667 
 -0.893333 -0.490667 -0.802667 -0.386667  -0.802667 -0.386667 
 -0.048 0.648  -0.802667 -0.386667 
 -0.802667 -0.386667  -0.048 0.648 
 -0.408 -0.210667 -0.296 -0.226667  -0.296 -0.226667 
 -0.296 -0.226667  -0.408 -0.210667 -0.296 -0.226667 
 -0.296 -0.226667  0.162667 0.149333 0.082667 0.413333 
 0.162667 0.149333 0.082667 0.413333  -0.296 -0.226667 
 -0.672 -0.285333 -0.408 -0.210667  -0.802667 -0.386667 -0.672 -0.285333 
 -0.802667 -0.386667 -0.672 -0.285333  -0.672 -0.285333 -0.408 -0.210667 
 -0.672 -0.285333 -0.408 -0.210667  -0.672 -0.285333 
 -0.672 -0.285333  -0.672 -0.285333 -0.408 -0.210667 
 -0.045333 0.533333 -0.048 0.648  -0.672 -0.285333 
 -0.672 -0.285333  -0.045333 0.533333 -0.048 0.648 
 -0.762667 -0.866667 -0.882667 -0.813333  -0.938667 -0.728 -0.949333 -0.629333 
 -0.938667 -0.728 -0.949333 -0.629333  -0.762667 -0.866667 -0.882667 -0.813333 
 -0.938667 -0.728 -0.949333 -0.629333  -0.882667 -0.813333 -0.938667 -0.728 
 -0.882667 -0.813333 -0.938667 -0.728  -0.938667 -0.728 -0.949333 -0.629333 
 -0.949333 -0.629333 -0.893333 -0.490667  -0.578667 -0.802667 -0.656 -0.850667 
 -0.578667 -0.802667 -0.656 -0.850667  -0.949333 -0.629333 -0.893333 -0.490667 
 -0.949333 -0.629333 -0.893333 -0.490667  -0.656 -0.850667 -0.762667 -0.866667 
 -0.656 -0.850667 -0.762667 -0.866667  -0.949333 -0.629333 -0.893333 -0.490667 
 -0.949333 -0.629333 -0.893333 -0.490667  -0.762667 -0.866667 -0.882667 -0.813333 
 -0.762667 -0.866667 -0.882667 -0.813333  -0.949333 -0.629333 -0.893333 -0.490667 
 -0.949333 -0.629333 -0.893333 -0.490667  -0.938667 -0.728 -0.949333 -0.629333 
 -0.938667 -0.728 -0.949333 -0.629333  -0.949333 -0.629333 -0.893333 -0.490667 
 -0.893333 -0.490667 -0.802667 -0.386667  -0.048 0.648 -0.002667 0.722667 
 -0.048 0.648 -0.002667 0.722667  -0.893333 -0.490667 -0.802667 -0.386667 
 -0.893333 -0.490667 -0.802667 -0.386667  -0.048 0.648 
 -0.048 0.648  -0.893333 -0.490667 -0.802667 -0.386667 
 -0.296 -0.226667 -0.133333 -0.293333  -0.296 -0.226667 
 -0.296 -0.226667  -0.296 -0.226667 -0.133333 -0.293333 
 0.125333 -0.533333 0.218667 -0.557333  0.125333 -0.533333 
 0.125333 -0.533333  0.125333 -0.533333 0.218667 -0.557333 
 0.866956 0.632912 0.857269 0.683695  0.866956 0.632912 
 0.866956 0.632912  0.866956 0.632912 0.857269 0.683695 
 0.866956 0.632912  0.946667 0.661333 0.949333 0.554667 
 0.946667 0.661333 0.949333 0.554667  0.866956 0.632912 
 0.304 -0.517333 0.330667 -0.392  0 -0.413333 0.125333 -0.533333 
 0 -0.413333 0.125333 -0.533333  0.304 -0.517333 0.330667 -0.392 
 0 -0.413333 0.125333 -0.533333  0.125333 -0.533333 0.218667 -0.557333 
 0.125333 -0.533333 0.218667 -0.557333  0 -0.413333 0.125333 -0.533333 
 0 -0.413333 0.125333 -0.533333  0.125333 -0.533333 
 0.125333 -0.533333  0 -0.413333 0.125333 -0.533333 
 0 -0.413333 0.125333 -0.533333  -0.069333 -0.933333 -0.221333 -0.808 
 -0.069333 -0.933333 -0.221333 -0.808  0 -0.413333 0.125333 -0.533333 
 0.330667 -0.392  0.330667 -0.392 0.333333 -0.266667 
 0.330667 -0.392 0.333333 -0.266667  0.330667 -0.392 
 0.330667 -0.392 0.333333 -0.266667  0.304 -0.517333 0.330667 -0.392 
 0.304 -0.517333 0.330667 -0.392  0.330667 -0.392 0.333333 -0.266667 
 0.304 -0.517333 0.330667 -0.392  0.330667 -0.392 
 0.330667 -0.392  0.304 -0.517333 0.330667 -0.392 
 0.434667 -0.949333 0.250667 -1  0.218667 -0.557333 
 0.218667 -0.557333  0.434667 -0.949333 0.250667 -1 
 0.218667 -0.557333  0.250667 -1 0.08 -0.986667 
 0.250667 -1 0.08 -0.986667  0.218667 -0.557333 
 0.304 -0.517333  0.642667 -0.784 0.434667 -0.949333 
 0.642667 -0.784 0.434667 -0.949333  0.304 -0.517333 
 0.749333 -0.128 0.765333 -0.445333  0.330667 -0.392 
 0.330667 -0.392  0.749333 -0.128 0.765333 -0.445333 
 0.330667 -0.392  0.765333 -0.445333 0.642667 -0.784 
 0.765333 -0.445333 0.642667 -0.784  0.330667 -0.392 
 -0.221333 -0.808 -0.344 -0.68  -0.133333 -0.293333 0 -0.413333 
 -0.133333 -0.293333 0 -0.413333  -0.221333 -0.808 -0.344 -0.68 
 -0.133333 -0.293333 0 -0.413333  -0.344 -0.68 
 -0.344 -0.68  -0.133333 -0.293333 0 -0.413333 
 -0.133333 -0.293333 0 -0.413333  -0.344 -0.68 -0.405333 -0.650667 
 -0.344 -0.68 -0.405333 -0.650667  -0.133333 -0.293333 0 -0.413333 
 -0.133333 -0.293333 0 -0.413333  -0.296 -0.226667 -0.133333 -0.293333 
 -0.296 -0.226667 -0.133333 -0.293333  -0.133333 -0.293333 0 -0.413333 
 -0.133333 -0.293333 0 -0.413333  -0.133333 -0.293333 
 -0.133333 -0.293333  -0.133333 -0.293333 0 -0.413333 
 -0.133333 -0.293333  -0.296 -0.226667 -0.133333 -0.293333 
 -0.296 -0.226667 -0.133333 -0.293333  -0.133333 -0.293333 
 0 -0.413333 0.125333 -0.533333  -0.221333 -0.808 -0.344 -0.68 
 -0.221333 -0.808 -0.344 -0.68  0 -0.413333 0.125333 -0.533333 
 0 -0.413333 0.125333 -0.533333  -0.133333 -0.293333 0 -0.413333 
 -0.133333 -0.293333 0 -0.413333  0 -0.413333 0.125333 -0.533333 
 0 -0.413333 0.125333 -0.533333  0 -0.413333 
 0 -0.413333  0 -0.413333 0.125333 -0.533333 
 0 -0.413333  -0.133333 -0.293333 0 -0.413333 
 -0.133333 -0.293333 0 -0.413333  0 -0.413333 
 0.218667 -0.557333 0.304 -0.517333  0.642667 -0.784 0.434667 -0.949333 
 0.642667 -0.784 0.434667 -0.949333  0.218667 -0.557333 0.304 -0.517333 
 0.218667 -0.557333  0.125333 -0.533333 0.218667 -0.557333 
 0.125333 -0.533333 0.218667 -0.557333  0.218667 -0.557333 
 0.866956 0.632912 0.857269 0.683695  0.870203 0.581314 0.866956 0.632912 
 0.870203 0.581314 0.866956 0.632912  0.866956 0.632912 0.857269 0.683695 
 0.870203 0.581314 0.866956 0.632912  0.866956 0.632912 
 0.866956 0.632912  0.870203 0.581314 0.866956 0.632912 
 0.218667 -0.557333 0.304 -0.517333  0.434667 -0.949333 0.250667 -1 
 0.434667 -0.949333 0.250667 -1  0.218667 -0.557333 0.304 -0.517333 
 0.218667 -0.557333 0.304 -0.517333  0.218667 -0.557333 
 0.218667 -0.557333  0.218667 -0.557333 0.304 -0.517333 
 0.746667 0.061333 0.749333 -0.128  0.333333 -0.266667 0.162667 0.149333 
 0.333333 -0.266667 0.162667 0.149333  0.746667 0.061333 0.749333 -0.128 
 0.333333 -0.266667 0.162667 0.149333  0.749333 -0.128 
 0.749333 -0.128  0.333333 -0.266667 0.162667 0.149333 
 0.330667 -0.392 0.333333 -0.266667  0 -0.413333 0.125333 -0.533333 
 0 -0.413333 0.125333 -0.533333  0.330667 -0.392 0.333333 -0.266667 
 0.841293 0.429764 0.857269 0.478933  0.850667 0.456 0.818667 0.312 
 0.850667 0.456 0.818667 0.312  0.841293 0.429764 0.857269 0.478933 
 0.841293 0.429764 0.857269 0.478933  0.841293 0.429764 
 0.841293 0.429764  0.841293 0.429764 0.857269 0.478933 
 0.841293 0.429764  0.850667 0.456 0.818667 0.312 
 0.850667 0.456 0.818667 0.312  0.841293 0.429764 
 0.333333 -0.266667  0.330667 -0.392 0.333333 -0.266667 
 0.330667 -0.392 0.333333 -0.266667  0.333333 -0.266667 
 0.330667 -0.392 0.333333 -0.266667  0.749333 -0.128 0.765333 -0.445333 
 0.749333 -0.128 0.765333 -0.445333  0.330667 -0.392 0.333333 -0.266667 
 0.749333 -0.128 0.765333 -0.445333  0.333333 -0.266667 
 0.333333 -0.266667  0.749333 -0.128 0.765333 -0.445333 
 0.333333 -0.266667 0.162667 0.149333  0.749333 -0.128 0.765333 -0.445333 
 0.749333 -0.128 0.765333 -0.445333  0.333333 -0.266667 0.162667 0.149333 
 0.333333 -0.266667 0.162667 0.149333  0.333333 -0.266667 
 0.333333 -0.266667  0.333333 -0.266667 0.162667 0.149333 
 0.333333 -0.266667 0.162667 0.149333  0.330667 -0.392 0.333333 -0.266667 
 0.330667 -0.392 0.333333 -0.266667  0.333333 -0.266667 0.162667 0.149333 
 0.746667 0.061333 0.749333 -0.128  0.48437 0.170444 0.535662 0.176923 
 0.48437 0.170444 0.535662 0.176923  0.746667 0.061333 0.749333 -0.128 
 0.48437 0.170444 0.535662 0.176923  0.48437 0.170444 
 0.48437 0.170444  0.48437 0.170444 0.535662 0.176923 
 0.48437 0.170444  0.746667 0.061333 0.749333 -0.128 
 0.746667 0.061333 0.749333 -0.128  0.48437 0.170444 
 0.633806 0.208812  0.633806 0.208812 0.679111 0.233719 
 0.633806 0.208812 0.679111 0.233719  0.633806 0.208812 
 0.633806 0.208812 0.679111 0.233719  0.585737 0.189781 0.633806 0.208812 
 0.585737 0.189781 0.633806 0.208812  0.633806 0.208812 0.679111 0.233719 
 0.162667 0.149333  0.333333 -0.266667 0.162667 0.149333 
 0.333333 -0.266667 0.162667 0.149333  0.162667 0.149333 
 0.333333 -0.266667 0.162667 0.149333  0.162667 0.149333 0.082667 0.413333 
 0.162667 0.149333 0.082667 0.413333  0.333333 -0.266667 0.162667 0.149333 
 -0.296 -0.226667 -0.133333 -0.293333  0.333333 -0.266667 0.162667 0.149333 
 0.333333 -0.266667 0.162667 0.149333  -0.296 -0.226667 -0.133333 -0.293333 
 -0.133333 -0.293333  0.333333 -0.266667 0.162667 0.149333 
 0.333333 -0.266667 0.162667 0.149333  -0.133333 -0.293333 
 -0.133333 -0.293333 0 -0.413333  0.333333 -0.266667 0.162667 0.149333 
 0.333333 -0.266667 0.162667 0.149333  -0.133333 -0.293333 0 -0.413333 
 0 -0.413333  0.333333 -0.266667 0.162667 0.149333 
 0.333333 -0.266667 0.162667 0.149333  0 -0.413333 
 0 -0.413333 0.125333 -0.533333  0.333333 -0.266667 0.162667 0.149333 
 0.333333 -0.266667 0.162667 0.149333  0 -0.413333 0.125333 -0.533333 
 0.758624 0.86313  0.791578 0.823295 0.758624 0.86313 
 0.791578 0.823295 0.758624 0.86313  0.758624 0.86313 
 0.704 0.930667 0.786667 0.834667  0.758624 0.86313 
 0.758624 0.86313  0.704 0.930667 0.786667 0.834667 
 0.791578 0.823295 0.758624 0.86313  0.786667 0.834667 0.88 0.794667 
 0.786667 0.834667 0.88 0.794667  0.791578 0.823295 0.758624 0.86313 
 0.791578 0.823295 0.758624 0.86313  0.791578 0.823295 
 0.791578 0.823295  0.791578 0.823295 0.758624 0.86313 
 0.791578 0.823295  0.786667 0.834667 0.88 0.794667 
 0.786667 0.834667 0.88 0.794667  0.791578 0.823295 
 0.535662 0.985705  0.585737 0.972847 0.535662 0.985705 
 0.585737 0.972847 0.535662 0.985705  0.535662 0.985705 
 0.585737 0.972847 0.535662 0.985705  0.448 1 0.586667 0.984 
 0.448 1 0.586667 0.984  0.585737 0.972847 0.535662 0.985705 
 0.448 1 0.586667 0.984  0.535662 0.985705 
 0.535662 0.985705  0.448 1 0.586667 0.984 
 0.381378 0.985705 0.331303 0.972847  0.43267 0.992184 0.381378 0.985705 
 0.43267 0.992184 0.381378 0.985705  0.381378 0.985705 0.331303 0.972847 
 0.43267 0.992184 0.381378 0.985705  0.381378 0.985705 
 0.381378 0.985705  0.43267 0.992184 0.381378 0.985705 
 0.841293 0.732864 0.81928 0.779644  0.857269 0.683695 0.841293 0.732864 
 0.857269 0.683695 0.841293 0.732864  0.841293 0.732864 0.81928 0.779644 
 0.585737 0.972847 0.535662 0.985705  0.586667 0.984 0.704 0.930667 
 0.586667 0.984 0.704 0.930667  0.585737 0.972847 0.535662 0.985705 
 0.585737 0.972847 0.535662 0.985705  0.585737 0.972847 
 0.585737 0.972847  0.585737 0.972847 0.535662 0.985705 
 0.585737 0.972847  0.586667 0.984 0.704 0.930667 
 0.586667 0.984 0.704 0.930667  0.585737 0.972847 
 0.48437 0.992184  0.535662 0.985705 0.48437 0.992184 
 0.535662 0.985705 0.48437 0.992184  0.48437 0.992184 
 0.535662 0.985705 0.48437 0.992184  0.448 1 0.586667 0.984 
 0.448 1 0.586667 0.984  0.535662 0.985705 0.48437 0.992184 
 0.448 1 0.586667 0.984  0.48437 0.992184 
 0.48437 0.992184  0.448 1 0.586667 0.984 
 0.791578 0.823295 0.758624 0.86313  0.81928 0.779644 0.791578 0.823295 
 0.81928 0.779644 0.791578 0.823295  0.791578 0.823295 0.758624 0.86313 
 0.81928 0.779644 0.791578 0.823295  0.791578 0.823295 
 0.791578 0.823295  0.81928 0.779644 0.791578 0.823295 
 0.81928 0.779644 0.791578 0.823295  0.786667 0.834667 0.88 0.794667 
 0.786667 0.834667 0.88 0.794667  0.81928 0.779644 0.791578 0.823295 
 0.585737 0.972847 0.535662 0.985705  0.633806 0.953816 0.585737 0.972847 
 0.633806 0.953816 0.585737 0.972847  0.585737 0.972847 0.535662 0.985705 
 0.633806 0.953816 0.585737 0.972847  0.585737 0.972847 
 0.585737 0.972847  0.633806 0.953816 0.585737 0.972847 
 0.679111 0.928909  0.720936 0.898521 0.679111 0.928909 
 0.720936 0.898521 0.679111 0.928909  0.679111 0.928909 
 0.720936 0.898521 0.679111 0.928909  0.586667 0.984 0.704 0.930667 
 0.586667 0.984 0.704 0.930667  0.720936 0.898521 0.679111 0.928909 
 0.586667 0.984 0.704 0.930667  0.679111 0.928909 
 0.679111 0.928909  0.586667 0.984 0.704 0.930667 
 0.381378 0.985705 0.331303 0.972847  0.48437 0.992184 0.43267 0.992184 
 0.48437 0.992184 0.43267 0.992184  0.381378 0.985705 0.331303 0.972847 
 0.48437 0.992184 0.43267 0.992184  0.43267 0.992184 0.381378 0.985705 
 0.43267 0.992184 0.381378 0.985705  0.48437 0.992184 0.43267 0.992184 
 0.841293 0.732864 0.81928 0.779644  0.866956 0.632912 0.857269 0.683695 
 0.866956 0.632912 0.857269 0.683695  0.841293 0.732864 0.81928 0.779644 
 0.841293 0.732864 0.81928 0.779644  0.81928 0.779644 0.791578 0.823295 
 0.81928 0.779644 0.791578 0.823295  0.841293 0.732864 0.81928 0.779644 
 0.81928 0.779644 0.791578 0.823295  0.866956 0.632912 0.857269 0.683695 
 0.866956 0.632912 0.857269 0.683695  0.81928 0.779644 0.791578 0.823295 
 0.81928 0.779644  0.81928 0.779644 0.791578 0.823295 
 0.81928 0.779644 0.791578 0.823295  0.81928 0.779644 
 0.720936 0.898521  0.758624 0.86313 0.720936 0.898521 
 0.758624 0.86313 0.720936 0.898521  0.720936 0.898521 
 0.758624 0.86313 0.720936 0.898521  0.704 0.930667 0.786667 0.834667 
 0.704 0.930667 0.786667 0.834667  0.758624 0.86313 0.720936 0.898521 
 0.704 0.930667 0.786667 0.834667  0.720936 0.898521 
 0.720936 0.898521  0.704 0.930667 0.786667 0.834667 
 0.633806 0.953816  0.679111 0.928909 0.633806 0.953816 
 0.679111 0.928909 0.633806 0.953816  0.633806 0.953816 
 0.679111 0.928909 0.633806 0.953816  0.586667 0.984 0.704 0.930667 
 0.586667 0.984 0.704 0.930667  0.679111 0.928909 0.633806 0.953816 
 0.586667 0.984 0.704 0.930667  0.633806 0.953816 
 0.633806 0.953816  0.586667 0.984 0.704 0.930667 
 0.633806 0.953816 0.585737 0.972847  0.586667 0.984 0.704 0.930667 
 0.586667 0.984 0.704 0.930667  0.633806 0.953816 0.585737 0.972847 
 0.158416 0.86313  0.196104 0.898521 0.158416 0.86313 
 0.196104 0.898521 0.158416 0.86313  0.158416 0.86313 
 0.196104 0.898521 0.158416 0.86313  0.093333 0.781333 0.162667 0.893333 
 0.093333 0.781333 0.162667 0.893333  0.196104 0.898521 0.158416 0.86313 
 0.093333 0.781333 0.162667 0.893333  0.158416 0.86313 
 0.158416 0.86313  0.093333 0.781333 0.162667 0.893333 
 0.43267 0.992184 0.381378 0.985705  0.285333 0.965333 0.448 1 
 0.285333 0.965333 0.448 1  0.43267 0.992184 0.381378 0.985705 
 0.791578 0.823295 0.758624 0.86313  0.758624 0.86313 0.720936 0.898521 
 0.758624 0.86313 0.720936 0.898521  0.791578 0.823295 0.758624 0.86313 
 0.758624 0.86313 0.720936 0.898521  0.81928 0.779644 0.791578 0.823295 
 0.81928 0.779644 0.791578 0.823295  0.758624 0.86313 0.720936 0.898521 
 0.758624 0.86313  0.758624 0.86313 0.720936 0.898521 
 0.758624 0.86313 0.720936 0.898521  0.758624 0.86313 
 0.125462 0.823295  0.158416 0.86313 0.125462 0.823295 
 0.158416 0.86313 0.125462 0.823295  0.125462 0.823295 
 0.158416 0.86313 0.125462 0.823295  0.093333 0.781333 0.162667 0.893333 
 0.093333 0.781333 0.162667 0.893333  0.158416 0.86313 0.125462 0.823295 
 0.093333 0.781333 0.162667 0.893333  0.125462 0.823295 
 0.125462 0.823295  0.093333 0.781333 0.162667 0.893333 
 0.720936 0.898521  0.720936 0.898521 0.679111 0.928909 
 0.720936 0.898521 0.679111 0.928909  0.720936 0.898521 
 0.720936 0.898521 0.679111 0.928909  0.758624 0.86313 0.720936 0.898521 
 0.758624 0.86313 0.720936 0.898521  0.720936 0.898521 0.679111 0.928909 
 0.704 0.930667 0.786667 0.834667  0.720936 0.898521 0.679111 0.928909 
 0.720936 0.898521 0.679111 0.928909  0.704 0.930667 0.786667 0.834667 
 0.679111 0.928909  0.679111 0.928909 0.633806 0.953816 
 0.679111 0.928909 0.633806 0.953816  0.679111 0.928909 
 0.679111 0.928909 0.633806 0.953816  0.720936 0.898521 0.679111 0.928909 
 0.720936 0.898521 0.679111 0.928909  0.679111 0.928909 0.633806 0.953816 
 0.43267 0.992184 0.381378 0.985705  0.43267 0.992184 
 0.43267 0.992184  0.43267 0.992184 0.381378 0.985705 
 0.059771 0.478933 0.075747 0.429764  0.050084 0.529716 0.059771 0.478933 
 0.050084 0.529716 0.059771 0.478933  0.059771 0.478933 0.075747 0.429764 
 0.050084 0.529716 0.059771 0.478933  0.059771 0.478933 
 0.059771 0.478933  0.050084 0.529716 0.059771 0.478933 
 0.158416 0.86313  0.158416 0.86313 0.125462 0.823295 
 0.158416 0.86313 0.125462 0.823295  0.158416 0.86313 
 0.158416 0.86313 0.125462 0.823295  0.196104 0.898521 0.158416 0.86313 
 0.196104 0.898521 0.158416 0.86313  0.158416 0.86313 0.125462 0.823295 
 0.679111 0.928909 0.633806 0.953816  0.633806 0.953816 0.585737 0.972847 
 0.633806 0.953816 0.585737 0.972847  0.679111 0.928909 0.633806 0.953816 
 0.633806 0.953816 0.585737 0.972847  0.720936 0.898521 0.679111 0.928909 
 0.720936 0.898521 0.679111 0.928909  0.633806 0.953816 0.585737 0.972847 
 0.633806 0.953816  0.633806 0.953816 0.585737 0.972847 
 0.633806 0.953816 0.585737 0.972847  0.633806 0.953816 
 0.196104 0.898521  0.237929 0.928909 0.196104 0.898521 
 0.237929 0.928909 0.196104 0.898521  0.196104 0.898521 
 0.237929 0.928909 0.196104 0.898521  0.162667 0.893333 0.285333 0.965333 
 0.162667 0.893333 0.285333 0.965333  0.237929 0.928909 0.196104 0.898521 
 0.162667 0.893333 0.285333 0.965333  0.196104 0.898521 
 0.196104 0.898521  0.162667 0.893333 0.285333 0.965333 
 0.237929 0.928909  0.283234 0.953816 0.237929 0.928909 
 0.283234 0.953816 0.237929 0.928909  0.237929 0.928909 
 0.283234 0.953816 0.237929 0.928909  0.162667 0.893333 0.285333 0.965333 
 0.162667 0.893333 0.285333 0.965333  0.283234 0.953816 0.237929 0.928909 
 0.162667 0.893333 0.285333 0.965333  0.237929 0.928909 
 0.237929 0.928909  0.162667 0.893333 0.285333 0.965333 
 0.535662 0.985705  0.535662 0.985705 0.48437 0.992184 
 0.535662 0.985705 0.48437 0.992184  0.535662 0.985705 
 0.535662 0.985705 0.48437 0.992184  0.585737 0.972847 0.535662 0.985705 
 0.585737 0.972847 0.535662 0.985705  0.535662 0.985705 0.48437 0.992184 
 0.331303 0.972847 0.283234 0.953816  0.162667 0.893333 0.285333 0.965333 
 0.162667 0.893333 0.285333 0.965333  0.331303 0.972847 0.283234 0.953816 
 0.162667 0.893333 0.285333 0.965333  0.283234 0.953816 
 0.283234 0.953816  0.162667 0.893333 0.285333 0.965333 
 0.283234 0.208812  0.237929 0.233719 0.283234 0.208812 
 0.237929 0.233719 0.283234 0.208812  0.283234 0.208812 
 0.237929 0.233719 0.283234 0.208812  0.333333 -0.266667 0.162667 0.149333 
 0.333333 -0.266667 0.162667 0.149333  0.237929 0.233719 0.283234 0.208812 
 0.333333 -0.266667 0.162667 0.149333  0.283234 0.208812 
 0.283234 0.208812  0.333333 -0.266667 0.162667 0.149333 
 0.237929 0.233719 0.283234 0.208812  0.162667 0.149333 0.082667 0.413333 
 0.162667 0.149333 0.082667 0.413333  0.237929 0.233719 0.283234 0.208812 
 0.81928 0.779644 0.791578 0.823295  0.48437 0.992184 0.43267 0.992184 
 0.48437 0.992184 0.43267 0.992184  0.81928 0.779644 0.791578 0.823295 
 0.48437 0.992184 0.43267 0.992184  0.866956 0.632912 0.857269 0.683695 
 0.866956 0.632912 0.857269 0.683695  0.48437 0.992184 0.43267 0.992184 
 0.758624 0.86313 0.720936 0.898521  0.48437 0.992184 0.43267 0.992184 
 0.48437 0.992184 0.43267 0.992184  0.758624 0.86313 0.720936 0.898521 
 0.720936 0.898521 0.679111 0.928909  0.48437 0.992184 0.43267 0.992184 
 0.48437 0.992184 0.43267 0.992184  0.720936 0.898521 0.679111 0.928909 
 0.633806 0.953816 0.585737 0.972847  0.48437 0.992184 0.43267 0.992184 
 0.48437 0.992184 0.43267 0.992184  0.633806 0.953816 0.585737 0.972847 
 0.585737 0.972847 0.535662 0.985705  0.48437 0.992184 0.43267 0.992184 
 0.48437 0.992184 0.43267 0.992184  0.585737 0.972847 0.535662 0.985705 
 0.535662 0.985705 0.48437 0.992184  0.48437 0.992184 0.43267 0.992184 
 0.48437 0.992184 0.43267 0.992184  0.535662 0.985705 0.48437 0.992184 
 0.48437 0.992184  0.48437 0.992184 0.43267 0.992184 
 0.48437 0.992184 0.43267 0.992184  0.48437 0.992184 
 0.448 1 0.586667 0.984  0.48437 0.992184 0.43267 0.992184 
 0.48437 0.992184 0.43267 0.992184  0.448 1 0.586667 0.984 
 0.09776 0.779644 0.075747 0.732864  0.09776 0.779644 
 0.09776 0.779644  0.09776 0.779644 0.075747 0.732864 
 0.09776 0.779644  0.093333 0.781333 0.162667 0.893333 
 0.093333 0.781333 0.162667 0.893333  0.09776 0.779644 
 0.09776 0.779644  0.125462 0.823295 0.09776 0.779644 
 0.125462 0.823295 0.09776 0.779644  0.09776 0.779644 
 0.125462 0.823295 0.09776 0.779644  0.093333 0.781333 0.162667 0.893333 
 0.093333 0.781333 0.162667 0.893333  0.125462 0.823295 0.09776 0.779644 
 0.381378 0.985705 0.331303 0.972847  0.331303 0.972847 0.283234 0.953816 
 0.331303 0.972847 0.283234 0.953816  0.381378 0.985705 0.331303 0.972847 
 0.331303 0.972847 0.283234 0.953816  0.48437 0.992184 0.43267 0.992184 
 0.48437 0.992184 0.43267 0.992184  0.331303 0.972847 0.283234 0.953816 
 0.331303 0.972847  0.331303 0.972847 0.283234 0.953816 
 0.331303 0.972847 0.283234 0.953816  0.331303 0.972847 
 0.285333 0.965333 0.448 1  0.331303 0.972847 0.283234 0.953816 
 0.331303 0.972847 0.283234 0.953816  0.285333 0.965333 0.448 1 
 0.09776 0.779644 0.075747 0.732864  0.125462 0.823295 0.09776 0.779644 
 0.125462 0.823295 0.09776 0.779644  0.09776 0.779644 0.075747 0.732864 
 0.046837 0.581314  0.050084 0.632912 0.046837 0.581314 
 0.050084 0.632912 0.046837 0.581314  0.046837 0.581314 
 0.050084 0.632912 0.046837 0.581314  -0.045333 0.533333 -0.048 0.648 
 -0.045333 0.533333 -0.048 0.648  0.050084 0.632912 0.046837 0.581314 
 -0.045333 0.533333 -0.048 0.648  0.046837 0.581314 
 0.046837 0.581314  -0.045333 0.533333 -0.048 0.648 
 0.050084 0.632912 0.046837 0.581314  -0.048 0.648 -0.002667 0.722667 
 -0.048 0.648 -0.002667 0.722667  0.050084 0.632912 0.046837 0.581314 
 0.331303 0.972847 0.283234 0.953816  0.237929 0.928909 0.196104 0.898521 
 0.237929 0.928909 0.196104 0.898521  0.331303 0.972847 0.283234 0.953816 
 0.237929 0.928909 0.196104 0.898521  0.48437 0.992184 0.43267 0.992184 
 0.48437 0.992184 0.43267 0.992184  0.237929 0.928909 0.196104 0.898521 
 0.283234 0.953816 0.237929 0.928909  0.237929 0.928909 0.196104 0.898521 
 0.237929 0.928909 0.196104 0.898521  0.283234 0.953816 0.237929 0.928909 
 0.237929 0.928909  0.237929 0.928909 0.196104 0.898521 
 0.237929 0.928909 0.196104 0.898521  0.237929 0.928909 
 0.050084 0.632912  0.059771 0.683695 0.050084 0.632912 
 0.059771 0.683695 0.050084 0.632912  0.050084 0.632912 
 0.059771 0.683695 0.050084 0.632912  -0.048 0.648 -0.002667 0.722667 
 -0.048 0.648 -0.002667 0.722667  0.059771 0.683695 0.050084 0.632912 
 -0.048 0.648 -0.002667 0.722667  0.050084 0.632912 
 0.050084 0.632912  -0.048 0.648 -0.002667 0.722667 
 0.059771 0.683695  0.075747 0.732864 0.059771 0.683695 
 0.075747 0.732864 0.059771 0.683695  0.059771 0.683695 
 0.075747 0.732864 0.059771 0.683695  -0.048 0.648 -0.002667 0.722667 
 -0.048 0.648 -0.002667 0.722667  0.075747 0.732864 0.059771 0.683695 
 -0.048 0.648 -0.002667 0.722667  0.059771 0.683695 
 0.059771 0.683695  -0.048 0.648 -0.002667 0.722667 
 0.237929 0.928909 0.196104 0.898521  0.196104 0.898521 0.158416 0.86313 
 0.196104 0.898521 0.158416 0.86313  0.237929 0.928909 0.196104 0.898521 
 0.196104 0.898521 0.158416 0.86313  0.48437 0.992184 0.43267 0.992184 
 0.48437 0.992184 0.43267 0.992184  0.196104 0.898521 0.158416 0.86313 
 0.196104 0.898521  0.196104 0.898521 0.158416 0.86313 
 0.196104 0.898521 0.158416 0.86313  0.196104 0.898521 
 0.162667 0.893333 0.285333 0.965333  0.196104 0.898521 0.158416 0.86313 
 0.196104 0.898521 0.158416 0.86313  0.162667 0.893333 0.285333 0.965333 
 0.050084 0.632912 0.046837 0.581314  0.050084 0.632912 
 0.050084 0.632912  0.050084 0.632912 0.046837 0.581314 
 0.196104 0.898521 0.158416 0.86313  0.125462 0.823295 0.09776 0.779644 
 0.125462 0.823295 0.09776 0.779644  0.196104 0.898521 0.158416 0.86313 
 0.125462 0.823295 0.09776 0.779644  0.48437 0.992184 0.43267 0.992184 
 0.48437 0.992184 0.43267 0.992184  0.125462 0.823295 0.09776 0.779644 
 0.158416 0.86313 0.125462 0.823295  0.125462 0.823295 0.09776 0.779644 
 0.125462 0.823295 0.09776 0.779644  0.158416 0.86313 0.125462 0.823295 
 0.125462 0.823295  0.125462 0.823295 0.09776 0.779644 
 0.125462 0.823295 0.09776 0.779644  0.125462 0.823295 
 0.050084 0.632912 0.046837 0.581314  0.059771 0.683695 0.050084 0.632912 
 0.059771 0.683695 0.050084 0.632912  0.050084 0.632912 0.046837 0.581314 
 0.050084 0.529716 0.059771 0.478933  0.43267 0.170444 0.48437 0.170444 
 0.43267 0.170444 0.48437 0.170444  0.050084 0.529716 0.059771 0.478933 
 0.43267 0.170444 0.48437 0.170444  0.48437 0.992184 0.43267 0.992184 
 0.48437 0.992184 0.43267 0.992184  0.43267 0.170444 0.48437 0.170444 
 0.48437 0.992184 0.43267 0.992184  0.050084 0.529716 0.059771 0.478933 
 0.050084 0.529716 0.059771 0.478933  0.48437 0.992184 0.43267 0.992184 
 0.050084 0.529716 0.059771 0.478933  0.082667 0.413333 0.010667 0.456 
 0.082667 0.413333 0.010667 0.456  0.050084 0.529716 0.059771 0.478933 
 0.050084 0.529716  0.046837 0.581314 0.050084 0.529716 
 0.046837 0.581314 0.050084 0.529716  0.050084 0.529716 
 0.046837 0.581314 0.050084 0.529716  0.010667 0.456 -0.045333 0.533333 
 0.010667 0.456 -0.045333 0.533333  0.046837 0.581314 0.050084 0.529716 
 0.010667 0.456 -0.045333 0.533333  0.050084 0.529716 
 0.050084 0.529716  0.010667 0.456 -0.045333 0.533333 
 0.075747 0.429764  0.059771 0.478933 0.075747 0.429764 
 0.059771 0.478933 0.075747 0.429764  0.075747 0.429764 
 -0.002667 0.722667 0.093333 0.781333  0.075747 0.732864 0.059771 0.683695 
 0.075747 0.732864 0.059771 0.683695  -0.002667 0.722667 0.093333 0.781333 
 0.075747 0.429764 0.09776 0.382984  0.059771 0.478933 0.075747 0.429764 
 0.059771 0.478933 0.075747 0.429764  0.075747 0.429764 0.09776 0.382984 
 0.125462 0.823295 0.09776 0.779644  0.059771 0.683695 0.050084 0.632912 
 0.059771 0.683695 0.050084 0.632912  0.125462 0.823295 0.09776 0.779644 
 0.059771 0.683695 0.050084 0.632912  0.48437 0.992184 0.43267 0.992184 
 0.48437 0.992184 0.43267 0.992184  0.059771 0.683695 0.050084 0.632912 
 0.09776 0.779644 0.075747 0.732864  0.059771 0.683695 0.050084 0.632912 
 0.059771 0.683695 0.050084 0.632912  0.09776 0.779644 0.075747 0.732864 
 0.075747 0.732864 0.059771 0.683695  0.059771 0.683695 0.050084 0.632912 
 0.059771 0.683695 0.050084 0.632912  0.075747 0.732864 0.059771 0.683695 
 0.059771 0.683695  0.059771 0.683695 0.050084 0.632912 
 0.059771 0.683695 0.050084 0.632912  0.059771 0.683695 
 0.535662 0.176923 0.585737 0.189781  0.43267 0.170444 0.48437 0.170444 
 0.43267 0.170444 0.48437 0.170444  0.535662 0.176923 0.585737 0.189781 
 0.43267 0.170444 0.48437 0.170444  0.48437 0.170444 0.535662 0.176923 
 0.48437 0.170444 0.535662 0.176923  0.43267 0.170444 0.48437 0.170444 
 0.237929 0.233719 0.283234 0.208812  0.237929 0.233719 
 0.237929 0.233719  0.237929 0.233719 0.283234 0.208812 
 0.237929 0.233719  0.162667 0.149333 0.082667 0.413333 
 0.162667 0.149333 0.082667 0.413333  0.237929 0.233719 
 0.158416 0.299498  0.125462 0.339333 0.158416 0.299498 
 0.125462 0.339333 0.158416 0.299498  0.158416 0.299498 
 0.125462 0.339333 0.158416 0.299498  0.162667 0.149333 0.082667 0.413333 
 0.162667 0.149333 0.082667 0.413333  0.125462 0.339333 0.158416 0.299498 
 0.162667 0.149333 0.082667 0.413333  0.158416 0.299498 
 0.158416 0.299498  0.162667 0.149333 0.082667 0.413333 
 0.050084 0.632912 0.046837 0.581314  0.046837 0.581314 0.050084 0.529716 
 0.046837 0.581314 0.050084 0.529716  0.050084 0.632912 0.046837 0.581314 
 0.046837 0.581314 0.050084 0.529716  0.059771 0.683695 0.050084 0.632912 
 0.059771 0.683695 0.050084 0.632912  0.046837 0.581314 0.050084 0.529716 
 0.046837 0.581314  0.046837 0.581314 0.050084 0.529716 
 0.046837 0.581314 0.050084 0.529716  0.046837 0.581314 
 -0.045333 0.533333 -0.048 0.648  0.046837 0.581314 0.050084 0.529716 
 0.046837 0.581314 0.050084 0.529716  -0.045333 0.533333 -0.048 0.648 
 0.059771 0.683695 0.050084 0.632912  0.050084 0.529716 0.059771 0.478933 
 0.050084 0.529716 0.059771 0.478933  0.059771 0.683695 0.050084 0.632912 
 0.046837 0.581314 0.050084 0.529716  0.050084 0.529716 0.059771 0.478933 
 0.050084 0.529716 0.059771 0.478933  0.046837 0.581314 0.050084 0.529716 
 0.050084 0.529716  0.050084 0.529716 0.059771 0.478933 
 0.050084 0.529716 0.059771 0.478933  0.050084 0.529716 
 0.010667 0.456 -0.045333 0.533333  0.050084 0.529716 0.059771 0.478933 
 0.050084 0.529716 0.059771 0.478933  0.010667 0.456 -0.045333 0.533333 
 0.162667 0.149333 0.082667 0.413333  0.075747 0.429764 0.09776 0.382984 
 0.075747 0.429764 0.09776 0.382984  0.162667 0.149333 0.082667 0.413333 
 0.09776 0.382984  0.075747 0.429764 0.09776 0.382984 
 0.075747 0.429764 0.09776 0.382984  0.09776 0.382984 
 0.162667 0.149333 0.082667 0.413333  0.09776 0.382984 
 0.09776 0.382984  0.162667 0.149333 0.082667 0.413333 
 0.125462 0.339333  0.09776 0.382984 0.125462 0.339333 
 0.09776 0.382984 0.125462 0.339333  0.125462 0.339333 
 0.09776 0.382984 0.125462 0.339333  0.162667 0.149333 0.082667 0.413333 
 0.162667 0.149333 0.082667 0.413333  0.09776 0.382984 0.125462 0.339333 
 0.162667 0.149333 0.082667 0.413333  0.125462 0.339333 
 0.125462 0.339333  0.162667 0.149333 0.082667 0.413333 
 0.158416 0.299498 0.196104 0.264107  0.162667 0.149333 0.082667 0.413333 
 0.162667 0.149333 0.082667 0.413333  0.158416 0.299498 0.196104 0.264107 
 0.162667 0.149333 0.082667 0.413333  0.196104 0.264107 
 0.196104 0.264107  0.162667 0.149333 0.082667 0.413333 
 0.857269 0.478933 0.866956 0.529716  0.866956 0.529716 0.870203 0.581314 
 0.866956 0.529716 0.870203 0.581314  0.857269 0.478933 0.866956 0.529716 
 0.866956 0.529716 0.870203 0.581314  0.866956 0.632912 0.857269 0.683695 
 0.866956 0.632912 0.857269 0.683695  0.866956 0.529716 0.870203 0.581314 
 0.866956 0.632912 0.857269 0.683695  0.857269 0.478933 0.866956 0.529716 
 0.857269 0.478933 0.866956 0.529716  0.866956 0.632912 0.857269 0.683695 
 0.075747 0.429764 0.09776 0.382984  0.050084 0.529716 0.059771 0.478933 
 0.050084 0.529716 0.059771 0.478933  0.075747 0.429764 0.09776 0.382984 
 0.075747 0.429764 0.09776 0.382984  0.09776 0.382984 0.125462 0.339333 
 0.09776 0.382984 0.125462 0.339333  0.075747 0.429764 0.09776 0.382984 
 0.09776 0.382984 0.125462 0.339333  0.050084 0.529716 0.059771 0.478933 
 0.050084 0.529716 0.059771 0.478933  0.09776 0.382984 0.125462 0.339333 
 0.09776 0.382984  0.09776 0.382984 0.125462 0.339333 
 0.09776 0.382984 0.125462 0.339333  0.09776 0.382984 
 0.125462 0.339333  0.125462 0.339333 0.158416 0.299498 
 0.125462 0.339333 0.158416 0.299498  0.125462 0.339333 
 0.125462 0.339333 0.158416 0.299498  0.09776 0.382984 0.125462 0.339333 
 0.09776 0.382984 0.125462 0.339333  0.125462 0.339333 0.158416 0.299498 
 0.237929 0.233719  0.196104 0.264107 0.237929 0.233719 
 0.196104 0.264107 0.237929 0.233719  0.237929 0.233719 
 0.196104 0.264107 0.237929 0.233719  0.162667 0.149333 0.082667 0.413333 
 0.162667 0.149333 0.082667 0.413333  0.196104 0.264107 0.237929 0.233719 
 0.43267 0.170444 0.48437 0.170444  0.48437 0.170444 
 0.48437 0.170444  0.43267 0.170444 0.48437 0.170444 
 0.125462 0.339333 0.158416 0.299498  0.158416 0.299498 0.196104 0.264107 
 0.158416 0.299498 0.196104 0.264107  0.125462 0.339333 0.158416 0.299498 
 0.158416 0.299498 0.196104 0.264107  0.09776 0.382984 0.125462 0.339333 
 0.09776 0.382984 0.125462 0.339333  0.158416 0.299498 0.196104 0.264107 
 0.158416 0.299498  0.158416 0.299498 0.196104 0.264107 
 0.158416 0.299498 0.196104 0.264107  0.158416 0.299498 
 0.237929 0.233719 0.283234 0.208812  0.196104 0.264107 0.237929 0.233719 
 0.196104 0.264107 0.237929 0.233719  0.237929 0.233719 0.283234 0.208812 
 0.841293 0.429764 0.857269 0.478933  0.81928 0.382984 0.841293 0.429764 
 0.81928 0.382984 0.841293 0.429764  0.841293 0.429764 0.857269 0.478933 
 0.81928 0.382984 0.841293 0.429764  0.841293 0.429764 
 0.841293 0.429764  0.81928 0.382984 0.841293 0.429764 
 0.331303 0.189781  0.283234 0.208812 0.331303 0.189781 
 0.283234 0.208812 0.331303 0.189781  0.331303 0.189781 
 0.283234 0.208812 0.331303 0.189781  0.333333 -0.266667 0.162667 0.149333 
 0.333333 -0.266667 0.162667 0.149333  0.283234 0.208812 0.331303 0.189781 
 0.333333 -0.266667 0.162667 0.149333  0.331303 0.189781 
 0.331303 0.189781  0.333333 -0.266667 0.162667 0.149333 
 0.720936 0.264107  0.679111 0.233719 0.720936 0.264107 
 0.679111 0.233719 0.720936 0.264107  0.720936 0.264107 
 0.679111 0.233719 0.720936 0.264107  0.818667 0.312 0.746667 0.061333 
 0.818667 0.312 0.746667 0.061333  0.679111 0.233719 0.720936 0.264107 
 0.818667 0.312 0.746667 0.061333  0.720936 0.264107 
 0.720936 0.264107  0.818667 0.312 0.746667 0.061333 
 0.43267 0.170444  0.381378 0.176923 0.43267 0.170444 
 0.381378 0.176923 0.43267 0.170444  0.43267 0.170444 
 0.381378 0.176923 0.43267 0.170444  0.333333 -0.266667 0.162667 0.149333 
 0.333333 -0.266667 0.162667 0.149333  0.381378 0.176923 0.43267 0.170444 
 0.333333 -0.266667 0.162667 0.149333  0.43267 0.170444 
 0.43267 0.170444  0.333333 -0.266667 0.162667 0.149333 
 0.331303 0.189781 0.381378 0.176923  0.333333 -0.266667 0.162667 0.149333 
 0.333333 -0.266667 0.162667 0.149333  0.331303 0.189781 0.381378 0.176923 
 0.333333 -0.266667 0.162667 0.149333  0.381378 0.176923 
 0.381378 0.176923  0.333333 -0.266667 0.162667 0.149333 
 0.48437 0.170444  0.333333 -0.266667 0.162667 0.149333 
 0.333333 -0.266667 0.162667 0.149333  0.48437 0.170444 
 0.237929 0.233719 0.283234 0.208812  0.283234 0.208812 0.331303 0.189781 
 0.283234 0.208812 0.331303 0.189781  0.237929 0.233719 0.283234 0.208812 
 0.283234 0.208812 0.331303 0.189781  0.196104 0.264107 0.237929 0.233719 
 0.196104 0.264107 0.237929 0.233719  0.283234 0.208812 0.331303 0.189781 
 0.283234 0.208812  0.283234 0.208812 0.331303 0.189781 
 0.283234 0.208812 0.331303 0.189781  0.283234 0.208812 
 0.585737 0.189781 0.633806 0.208812  0.535662 0.176923 0.585737 0.189781 
 0.535662 0.176923 0.585737 0.189781  0.585737 0.189781 0.633806 0.208812 
 0.535662 0.176923 0.585737 0.189781  0.585737 0.189781 
 0.585737 0.189781  0.535662 0.176923 0.585737 0.189781 
 0.331303 0.189781  0.331303 0.189781 0.381378 0.176923 
 0.331303 0.189781 0.381378 0.176923  0.331303 0.189781 
 0.331303 0.189781 0.381378 0.176923  0.283234 0.208812 0.331303 0.189781 
 0.283234 0.208812 0.331303 0.189781  0.331303 0.189781 0.381378 0.176923 
 0.43267 0.170444 0.48437 0.170444  0.333333 -0.266667 0.162667 0.149333 
 0.333333 -0.266667 0.162667 0.149333  0.43267 0.170444 0.48437 0.170444 
 0.758624 0.299498  0.720936 0.264107 0.758624 0.299498 
 0.720936 0.264107 0.758624 0.299498  0.758624 0.299498 
 0.720936 0.264107 0.758624 0.299498  0.818667 0.312 0.746667 0.061333 
 0.818667 0.312 0.746667 0.061333  0.720936 0.264107 0.758624 0.299498 
 0.818667 0.312 0.746667 0.061333  0.758624 0.299498 
 0.758624 0.299498  0.818667 0.312 0.746667 0.061333 
 0.535662 0.176923 0.585737 0.189781  0.746667 0.061333 
 0.746667 0.061333  0.535662 0.176923 0.585737 0.189781 
 0.746667 0.061333 0.749333 -0.128  0.535662 0.176923 
 0.535662 0.176923  0.746667 0.061333 0.749333 -0.128 
 0.866956 0.529716 0.870203 0.581314  0.870203 0.581314 0.866956 0.632912 
 0.870203 0.581314 0.866956 0.632912  0.866956 0.529716 0.870203 0.581314 
 0.09776 0.382984 0.125462 0.339333  0.43267 0.170444 0.48437 0.170444 
 0.43267 0.170444 0.48437 0.170444  0.09776 0.382984 0.125462 0.339333 
 0.158416 0.299498 0.196104 0.264107  0.43267 0.170444 0.48437 0.170444 
 0.43267 0.170444 0.48437 0.170444  0.158416 0.299498 0.196104 0.264107 
 0.196104 0.264107 0.237929 0.233719  0.43267 0.170444 0.48437 0.170444 
 0.43267 0.170444 0.48437 0.170444  0.196104 0.264107 0.237929 0.233719 
 0.283234 0.208812 0.331303 0.189781  0.43267 0.170444 0.48437 0.170444 
 0.43267 0.170444 0.48437 0.170444  0.283234 0.208812 0.331303 0.189781 
 0.331303 0.189781 0.381378 0.176923  0.43267 0.170444 0.48437 0.170444 
 0.43267 0.170444 0.48437 0.170444  0.331303 0.189781 0.381378 0.176923 
 0.381378 0.176923 0.43267 0.170444  0.43267 0.170444 0.48437 0.170444 
 0.43267 0.170444 0.48437 0.170444  0.381378 0.176923 0.43267 0.170444 
 0.43267 0.170444  0.43267 0.170444 0.48437 0.170444 
 0.43267 0.170444 0.48437 0.170444  0.43267 0.170444 
 0.746667 0.061333 0.749333 -0.128  0.535662 0.176923 0.585737 0.189781 
 0.535662 0.176923 0.585737 0.189781  0.746667 0.061333 0.749333 -0.128 
 0.679111 0.233719  0.633806 0.208812 0.679111 0.233719 
 0.633806 0.208812 0.679111 0.233719  0.679111 0.233719 
 0.633806 0.208812 0.679111 0.233719  0.818667 0.312 0.746667 0.061333 
 0.818667 0.312 0.746667 0.061333  0.633806 0.208812 0.679111 0.233719 
 0.818667 0.312 0.746667 0.061333  0.679111 0.233719 
 0.679111 0.233719  0.818667 0.312 0.746667 0.061333 
 0.866956 0.529716 0.870203 0.581314  0.870203 0.581314 
 0.870203 0.581314  0.866956 0.529716 0.870203 0.581314 
 0.791578 0.339333  0.758624 0.299498 0.791578 0.339333 
 0.758624 0.299498 0.791578 0.339333  0.791578 0.339333 
 0.758624 0.299498 0.791578 0.339333  0.850667 0.456 0.818667 0.312 
 0.850667 0.456 0.818667 0.312  0.758624 0.299498 0.791578 0.339333 
 0.850667 0.456 0.818667 0.312  0.791578 0.339333 
 0.791578 0.339333  0.850667 0.456 0.818667 0.312 
 0.81928 0.382984  0.791578 0.339333 0.81928 0.382984 
 0.791578 0.339333 0.81928 0.382984  0.81928 0.382984 
 0.791578 0.339333 0.81928 0.382984  0.850667 0.456 0.818667 0.312 
 0.850667 0.456 0.818667 0.312  0.791578 0.339333 0.81928 0.382984 
 0.850667 0.456 0.818667 0.312  0.81928 0.382984 
 0.81928 0.382984  0.850667 0.456 0.818667 0.312 
 0.585737 0.189781 0.633806 0.208812  0.43267 0.170444 0.48437 0.170444 
 0.43267 0.170444 0.48437 0.170444  0.585737 0.189781 0.633806 0.208812 
 0.81928 0.382984 0.841293 0.429764  0.850667 0.456 0.818667 0.312 
 0.850667 0.456 0.818667 0.312  0.81928 0.382984 0.841293 0.429764 
 0.866956 0.529716 0.870203 0.581314  0.946667 0.661333 0.949333 0.554667 
 0.946667 0.661333 0.949333 0.554667  0.866956 0.529716 0.870203 0.581314 
 0.48437 0.992184 0.43267 0.992184  0.857269 0.478933 0.866956 0.529716 
 0.857269 0.478933 0.866956 0.529716  0.48437 0.992184 0.43267 0.992184 
 0.585737 0.189781 0.633806 0.208812  0.679111 0.233719 0.720936 0.264107 
 0.679111 0.233719 0.720936 0.264107  0.585737 0.189781 0.633806 0.208812 
 0.679111 0.233719 0.720936 0.264107  0.43267 0.170444 0.48437 0.170444 
 0.43267 0.170444 0.48437 0.170444  0.679111 0.233719 0.720936 0.264107 
 0.633806 0.208812 0.679111 0.233719  0.679111 0.233719 0.720936 0.264107 
 0.679111 0.233719 0.720936 0.264107  0.633806 0.208812 0.679111 0.233719 
 0.679111 0.233719  0.679111 0.233719 0.720936 0.264107 
 0.679111 0.233719 0.720936 0.264107  0.679111 0.233719 
 0.679111 0.233719 0.720936 0.264107  0.720936 0.264107 0.758624 0.299498 
 0.720936 0.264107 0.758624 0.299498  0.679111 0.233719 0.720936 0.264107 
 0.720936 0.264107 0.758624 0.299498  0.43267 0.170444 0.48437 0.170444 
 0.43267 0.170444 0.48437 0.170444  0.720936 0.264107 0.758624 0.299498 
 0.720936 0.264107  0.720936 0.264107 0.758624 0.299498 
 0.720936 0.264107 0.758624 0.299498  0.720936 0.264107 
 0.758624 0.299498  0.758624 0.299498 0.791578 0.339333 
 0.758624 0.299498 0.791578 0.339333  0.758624 0.299498 
 0.758624 0.299498 0.791578 0.339333  0.720936 0.264107 0.758624 0.299498 
 0.720936 0.264107 0.758624 0.299498  0.758624 0.299498 0.791578 0.339333 
 0.818667 0.312 0.746667 0.061333  0.758624 0.299498 0.791578 0.339333 
 0.758624 0.299498 0.791578 0.339333  0.818667 0.312 0.746667 0.061333 
 0.866956 0.529716 0.870203 0.581314  0.949333 0.554667 0.909333 0.48 
 0.949333 0.554667 0.909333 0.48  0.866956 0.529716 0.870203 0.581314 
 0.720936 0.264107 0.758624 0.299498  0.791578 0.339333 0.81928 0.382984 
 0.791578 0.339333 0.81928 0.382984  0.720936 0.264107 0.758624 0.299498 
 0.791578 0.339333 0.81928 0.382984  0.43267 0.170444 0.48437 0.170444 
 0.43267 0.170444 0.48437 0.170444  0.791578 0.339333 0.81928 0.382984 
 0.758624 0.299498 0.791578 0.339333  0.791578 0.339333 0.81928 0.382984 
 0.791578 0.339333 0.81928 0.382984  0.758624 0.299498 0.791578 0.339333 
 0.791578 0.339333  0.791578 0.339333 0.81928 0.382984 
 0.791578 0.339333 0.81928 0.382984  0.791578 0.339333 
 0.81928 0.382984  0.81928 0.382984 0.841293 0.429764 
 0.81928 0.382984 0.841293 0.429764  0.81928 0.382984 
 0.81928 0.382984 0.841293 0.429764  0.791578 0.339333 0.81928 0.382984 
 0.791578 0.339333 0.81928 0.382984  0.81928 0.382984 0.841293 0.429764 
 0.857269 0.478933  0.841293 0.429764 0.857269 0.478933 
 0.841293 0.429764 0.857269 0.478933  0.857269 0.478933 
 0.909333 0.48 0.850667 0.456  0.857269 0.478933 
 0.857269 0.478933  0.909333 0.48 0.850667 0.456 
 0.866956 0.529716  0.857269 0.478933 0.866956 0.529716 
 0.857269 0.478933 0.866956 0.529716  0.866956 0.529716 
 0.857269 0.478933 0.866956 0.529716  0.949333 0.554667 0.909333 0.48 
 0.949333 0.554667 0.909333 0.48  0.857269 0.478933 0.866956 0.529716 
 0.949333 0.554667 0.909333 0.48  0.866956 0.529716 
 0.866956 0.529716  0.949333 0.554667 0.909333 0.48 
 0.866956 0.529716 0.870203 0.581314  0.866956 0.529716 
 0.866956 0.529716  0.866956 0.529716 0.870203 0.581314 
 0.43267 0.170444 0.48437 0.170444  0.857269 0.478933 0.866956 0.529716 
 0.857269 0.478933 0.866956 0.529716  0.43267 0.170444 0.48437 0.170444 
 0.791578 0.339333 0.81928 0.382984  0.857269 0.478933 0.866956 0.529716 
 0.857269 0.478933 0.866956 0.529716  0.791578 0.339333 0.81928 0.382984 
 0.81928 0.382984 0.841293 0.429764  0.857269 0.478933 0.866956 0.529716 
 0.857269 0.478933 0.866956 0.529716  0.81928 0.382984 0.841293 0.429764 
 0.841293 0.429764 0.857269 0.478933  0.857269 0.478933 0.866956 0.529716 
 0.857269 0.478933 0.866956 0.529716  0.841293 0.429764 0.857269 0.478933 
 0.857269 0.478933  0.857269 0.478933 0.866956 0.529716 
 0.857269 0.478933 0.866956 0.529716  0.857269 0.478933 
 0.909333 0.48 0.850667 0.456  0.857269 0.478933 0.866956 0.529716 
 0.857269 0.478933 0.866956 0.529716  0.909333 0.48 0.850667 0.456 
