1.5 -1.5
0.5 -1.5
0.0857864 -0.5
-0.5 0.5
-0.914214 0.5
-1 0.707107
-0.5 0.0857864
0.5 -0.5
0.00403384 -0.122991
0.5 -0.0857864
1.5 -0.5
-1.5 0.5
0.283155 -0.0235109
0.5 0.5
0.5 1.5
-1 1
-0.5 1.5
-1.5 1.5
edges
0 1 1 0
1 0 0 1
2 1 0 0
1 2 0 0
3 4 1 0
4 3 0 1
5 4 0 0
4 5 0 0
6 4 0 1
4 6 1 0
7 2 0 1
2 7 1 0
8 2 1 0
2 8 0 1
9 10 0 0
10 9 0 0
0 10 0 1
10 0 1 0
5 11 0 0
11 5 0 0
12 9 0 1
9 12 1 0
7 9 1 0
9 7 0 1
7 0 0 0
0 7 0 0
13 14 0 1
14 13 1 0
15 5 0 0
5 15 0 0
8 6 0 0
6 8 0 0
3 6 0 1
6 3 1 0
12 8 1 0
8 12 0 1
13 12 0 0
12 13 0 0
16 14 1 0
14 16 0 1
3 14 0 0
14 3 0 0
15 16 0 0
16 15 0 0
15 17 0 0
17 15 0 0
edgeattributes
 0.5 -1.5  0.5 -1.5 0.5 -0.5 
 0.5 -1.5 0.5 -0.5  0.5 -1.5 
 0.5 -1.5 0.5 -0.5  -1.5 0.5 0.5 -1.5 
 -1.5 0.5 0.5 -1.5  0.5 -1.5 0.5 -0.5 
 -0.5 0.5  -0.5 0.5 -0.5 1.5 
 -0.5 0.5 -0.5 1.5  -0.5 0.5 
 -0.5 0.5 -0.5 1.5  -1.5 0.5 0.5 -1.5 
 -1.5 0.5 0.5 -1.5  -0.5 0.5 -0.5 1.5 
 -1.5 0.5 0.5 -1.5  -0.5 0.5 
 -0.5 0.5  -1.5 0.5 0.5 -1.5 
 0.5 -1.5 0.5 -0.5  0.5 -0.5 
 0.5 -0.5  0.5 -1.5 0.5 -0.5 
 0.5 -0.5  -1.5 0.5 0.5 -1.5 
 -1.5 0.5 0.5 -1.5  0.5 -0.5 
 1.5 -0.5 0.5 0.5  0.5 -0.5 1.5 -0.5 
 0.5 -0.5 1.5 -0.5  1.5 -0.5 0.5 0.5 
 0.5 -0.5 1.5 -0.5  1.5 -0.5 
 1.5 -0.5  0.5 -0.5 1.5 -0.5 
 -1.5 0.5 0.5 -1.5  -1.5 1.5 -1.5 0.5 
 -1.5 1.5 -1.5 0.5  -1.5 0.5 0.5 -1.5 
 1.5 -0.5 0.5 0.5  0.5 -0.5 
 0.5 -0.5  1.5 -0.5 0.5 0.5 
 0.5 -0.5  0.5 -0.5 1.5 -0.5 
 0.5 -0.5 1.5 -0.5  0.5 -0.5 
 0.5 -0.5 1.5 -0.5  0.5 -1.5 0.5 -0.5 
 0.5 -1.5 0.5 -0.5  0.5 -0.5 1.5 -0.5 
 0.5 0.5 -0.5 0.5  0.5 0.5 
 0.5 0.5  0.5 0.5 -0.5 0.5 
 -0.5 0.5 -0.5 1.5  -1.5 1.5 -1.5 0.5 
 -1.5 1.5 -1.5 0.5  -0.5 0.5 -0.5 1.5 
 -1.5 0.5 0.5 -1.5  0.5 0.5 -0.5 0.5 
 0.5 0.5 -0.5 0.5  -1.5 0.5 0.5 -1.5 
 0.5 0.5 -0.5 0.5  -0.5 0.5 
 -0.5 0.5  0.5 0.5 -0.5 0.5 
 0.5 -0.5  0.5 0.5 -0.5 0.5 
 0.5 0.5 -0.5 0.5  0.5 -0.5 
 1.5 -0.5 0.5 0.5  0.5 0.5 -0.5 0.5 
 0.5 0.5 -0.5 0.5  1.5 -0.5 0.5 0.5 
 -0.5 1.5  -0.5 0.5 -0.5 1.5 
 -0.5 0.5 -0.5 1.5  -0.5 1.5 
 -0.5 0.5 -0.5 1.5  0.5 0.5 -0.5 0.5 
 0.5 0.5 -0.5 0.5  -0.5 0.5 -0.5 1.5 
 -0.5 1.5 -1.5 1.5  -0.5 0.5 -0.5 1.5 
 -0.5 0.5 -0.5 1.5  -0.5 1.5 -1.5 1.5 
 -1.5 1.5 -1.5 0.5  -0.5 1.5 -1.5 1.5 
 -0.5 1.5 -1.5 1.5  -1.5 1.5 -1.5 0.5 
