-2.02632 2.76845
-1.37201 1.96262
-0.616798 0.168431
-1.60601 3.99146
-2.79106 0.00370631
-2.96516 0.0102669
-3.22327 0.64575
-4.44751 -2.05608
-1.7277 3.71192
-2.29282 1.21495
-0.618538 0.127881
0.046041 2.12617
1.53959 -6.08895
-2.80404 -32.1299
-2.39728 -7.33627
1.78129 3.92378
1.74033 0.490654
1.3276 0.063087
2.16429 0.029955
-2.39621 -7.26597
-0.174954 -2.12617
1.97936 -2.36814
1.95555 -1.50533
1.7035 -0.397197
1.35359 -1.26168
2.09389 0.031297
0.719987 0.000887933
1.59508 5.89677
4.35543 2.8972
3.12555 0.0323536
-2.31123 -1.21495
-1.79464 -0.00384537
4.44751 -2.8972
1.64447 -5.3432
-0.288575 -0.090886
0.0718502 -0.136731
-0.583645 7.58575
0.403198 12.5584
-1.32919 0.0281637
-3.31266 0.995726
-4.28177 1.33178
-3.25046 2.78037
edges
0 1 1 0
1 0 0 1
2 1 0 0
1 2 0 0
3 1 0 1
1 3 1 0
4 5 0 1
5 4 1 0
6 5 1 0
5 6 0 1
7 5 0 0
5 7 0 0
8 0 1 0
0 8 0 1
9 0 0 0
0 9 0 0
10 2 0 0
2 10 0 0
11 2 0 0
2 11 0 0
12 13 1 1
13 12 1 1
14 13 1 1
13 14 1 1
15 16 0 0
16 15 0 0
17 16 0 1
16 17 1 0
18 16 1 0
16 18 0 1
19 7 1 0
7 19 0 1
20 14 1 0
14 20 0 1
19 14 0 1
14 19 1 0
21 22 1 0
22 21 0 1
23 22 0 0
22 23 0 0
24 22 0 1
22 24 1 0
25 23 0 1
23 25 1 0
26 23 1 0
23 26 0 1
27 28 1 0
28 27 0 1
29 28 0 0
28 29 0 0
19 30 0 0
30 19 0 0
31 30 0 1
30 31 1 0
4 30 1 0
30 4 0 1
18 29 0 0
29 18 0 0
32 29 0 0
29 32 0 0
33 20 1 0
20 33 0 1
34 20 0 0
20 34 0 0
25 18 1 0
18 25 0 1
26 17 0 1
17 26 1 0
25 17 1 1
17 25 1 1
35 26 0 0
26 35 0 0
35 24 0 0
24 35 0 0
21 24 0 1
24 21 1 0
32 12 1 0
12 32 0 1
33 12 0 1
12 33 1 0
36 11 1 0
11 36 0 1
15 11 0 1
11 15 1 0
37 27 1 1
27 37 1 1
15 27 1 0
27 15 0 1
38 10 0 0
10 38 0 0
34 10 0 0
10 34 0 0
33 21 0 0
21 33 0 0
34 35 0 0
35 34 0 0
37 36 1 1
36 37 1 1
3 36 1 0
36 3 0 1
6 9 0 1
9 6 1 0
38 9 1 0
9 38 0 1
31 38 1 0
38 31 0 1
39 6 0 0
6 39 0 0
39 40 0 0
40 39 0 0
8 3 1 1
3 8 1 1
31 4 1 1
4 31 1 1
41 8 1 0
8 41 0 1
39 41 0 0
41 39 0 0
edgeattributes
 -1.37201 1.96262  -1.37201 1.96262 -2.29282 1.21495 
 -1.37201 1.96262 -2.29282 1.21495  -1.37201 1.96262 
 -1.37201 1.96262 -2.29282 1.21495  0.046041 2.12617 -1.37201 1.96262 
 0.046041 2.12617 -1.37201 1.96262  -1.37201 1.96262 -2.29282 1.21495 
 0.046041 2.12617 -1.37201 1.96262  -1.37201 1.96262 
 -1.37201 1.96262  0.046041 2.12617 -1.37201 1.96262 
 -4.44751 -2.05608 -2.31123 -1.21495  -2.29282 1.21495 
 -2.29282 1.21495  -4.44751 -2.05608 -2.31123 -1.21495 
 -2.29282 1.21495  -4.28177 1.33178 -4.44751 -2.05608 
 -4.28177 1.33178 -4.44751 -2.05608  -2.29282 1.21495 
 -4.28177 1.33178 -4.44751 -2.05608  -4.44751 -2.05608 -2.31123 -1.21495 
 -4.44751 -2.05608 -2.31123 -1.21495  -4.28177 1.33178 -4.44751 -2.05608 
 -1.37201 1.96262  -2.29282 1.21495 -3.25046 2.78037 
 -2.29282 1.21495 -3.25046 2.78037  -1.37201 1.96262 
 -2.29282 1.21495 -3.25046 2.78037  -1.37201 1.96262 -2.29282 1.21495 
 -1.37201 1.96262 -2.29282 1.21495  -2.29282 1.21495 -3.25046 2.78037 
 -1.37201 1.96262 -2.29282 1.21495  1.74033 0.490654 0.046041 2.12617 
 1.74033 0.490654 0.046041 2.12617  -1.37201 1.96262 -2.29282 1.21495 
 1.74033 0.490654 0.046041 2.12617  0.046041 2.12617 -1.37201 1.96262 
 0.046041 2.12617 -1.37201 1.96262  1.74033 0.490654 0.046041 2.12617 
 4.44751 -2.8972  -0.174954 -2.12617 
 -0.174954 -2.12617  4.44751 -2.8972 
 -0.174954 -2.12617  -4.44751 -2.05608 
 -4.44751 -2.05608  -0.174954 -2.12617 
 4.35543 2.8972 1.74033 0.490654  1.74033 0.490654 0.046041 2.12617 
 1.74033 0.490654 0.046041 2.12617  4.35543 2.8972 1.74033 0.490654 
 1.74033 0.490654 0.046041 2.12617  1.74033 0.490654 
 1.74033 0.490654  1.74033 0.490654 0.046041 2.12617 
 1.74033 0.490654  4.35543 2.8972 1.74033 0.490654 
 4.35543 2.8972 1.74033 0.490654  1.74033 0.490654 
 -4.44751 -2.05608  -4.44751 -2.05608 -2.31123 -1.21495 
 -4.44751 -2.05608 -2.31123 -1.21495  -4.44751 -2.05608 
 -0.174954 -2.12617  -2.31123 -1.21495 -0.174954 -2.12617 
 -2.31123 -1.21495 -0.174954 -2.12617  -0.174954 -2.12617 
 -2.31123 -1.21495 -0.174954 -2.12617  -4.44751 -2.05608 
 -4.44751 -2.05608  -2.31123 -1.21495 -0.174954 -2.12617 
 1.35359 -1.26168  1.7035 -0.397197 4.44751 -2.8972 
 1.7035 -0.397197 4.44751 -2.8972  1.35359 -1.26168 
 1.7035 -0.397197 4.44751 -2.8972  1.35359 -1.26168 1.7035 -0.397197 
 1.35359 -1.26168 1.7035 -0.397197  1.7035 -0.397197 4.44751 -2.8972 
 1.35359 -1.26168 1.7035 -0.397197  1.35359 -1.26168 
 1.35359 -1.26168  1.35359 -1.26168 1.7035 -0.397197 
 1.7035 -0.397197 4.44751 -2.8972  1.7035 -0.397197 
 1.7035 -0.397197  1.7035 -0.397197 4.44751 -2.8972 
 1.7035 -0.397197  1.35359 -1.26168 1.7035 -0.397197 
 1.35359 -1.26168 1.7035 -0.397197  1.7035 -0.397197 
 4.35543 2.8972  4.35543 2.8972 1.74033 0.490654 
 4.35543 2.8972 1.74033 0.490654  4.35543 2.8972 
 4.35543 2.8972 1.74033 0.490654  4.44751 -2.8972 4.35543 2.8972 
 4.44751 -2.8972 4.35543 2.8972  4.35543 2.8972 1.74033 0.490654 
 -4.44751 -2.05608 -2.31123 -1.21495  -2.31123 -1.21495 -0.174954 -2.12617 
 -2.31123 -1.21495 -0.174954 -2.12617  -4.44751 -2.05608 -2.31123 -1.21495 
 -2.31123 -1.21495 -0.174954 -2.12617  -2.31123 -1.21495 
 -2.31123 -1.21495  -2.31123 -1.21495 -0.174954 -2.12617 
 -2.31123 -1.21495  -4.44751 -2.05608 -2.31123 -1.21495 
 -4.44751 -2.05608 -2.31123 -1.21495  -2.31123 -1.21495 
 4.35543 2.8972 1.74033 0.490654  1.7035 -0.397197 4.44751 -2.8972 
 1.7035 -0.397197 4.44751 -2.8972  4.35543 2.8972 1.74033 0.490654 
 1.7035 -0.397197 4.44751 -2.8972  4.44751 -2.8972 4.35543 2.8972 
 4.44751 -2.8972 4.35543 2.8972  1.7035 -0.397197 4.44751 -2.8972 
 -0.174954 -2.12617  -0.174954 -2.12617 1.35359 -1.26168 
 -0.174954 -2.12617 1.35359 -1.26168  -0.174954 -2.12617 
 -0.174954 -2.12617 1.35359 -1.26168  -2.31123 -1.21495 -0.174954 -2.12617 
 -2.31123 -1.21495 -0.174954 -2.12617  -0.174954 -2.12617 1.35359 -1.26168 
 1.74033 0.490654  1.7035 -0.397197 4.44751 -2.8972 
 1.7035 -0.397197 4.44751 -2.8972  1.74033 0.490654 
 1.74033 0.490654 0.046041 2.12617  1.7035 -0.397197 
 1.7035 -0.397197  1.74033 0.490654 0.046041 2.12617 
 1.7035 -0.397197  1.74033 0.490654 
 1.74033 0.490654  1.7035 -0.397197 
 1.74033 0.490654 0.046041 2.12617  1.35359 -1.26168 1.7035 -0.397197 
 1.35359 -1.26168 1.7035 -0.397197  1.74033 0.490654 0.046041 2.12617 
 1.35359 -1.26168 1.7035 -0.397197  -0.174954 -2.12617 1.35359 -1.26168 
 -0.174954 -2.12617 1.35359 -1.26168  1.35359 -1.26168 1.7035 -0.397197 
 -0.174954 -2.12617 1.35359 -1.26168  1.35359 -1.26168 
 1.35359 -1.26168  -0.174954 -2.12617 1.35359 -1.26168 
 4.44751 -2.8972  1.7035 -0.397197 4.44751 -2.8972 
 1.7035 -0.397197 4.44751 -2.8972  4.44751 -2.8972 
 1.7035 -0.397197 4.44751 -2.8972  -0.174954 -2.12617 
 -0.174954 -2.12617  1.7035 -0.397197 4.44751 -2.8972 
 0.046041 2.12617  0.046041 2.12617 -1.37201 1.96262 
 0.046041 2.12617 -1.37201 1.96262  0.046041 2.12617 
 1.74033 0.490654 0.046041 2.12617  0.046041 2.12617 
 0.046041 2.12617  1.74033 0.490654 0.046041 2.12617 
 4.35543 2.8972  0.046041 2.12617 
 0.046041 2.12617  4.35543 2.8972 
 0.046041 2.12617  4.35543 2.8972 1.74033 0.490654 
 4.35543 2.8972 1.74033 0.490654  0.046041 2.12617 
 -1.37201 1.96262 -2.29282 1.21495  -2.31123 -1.21495 -0.174954 -2.12617 
 -2.31123 -1.21495 -0.174954 -2.12617  -1.37201 1.96262 -2.29282 1.21495 
 -2.31123 -1.21495 -0.174954 -2.12617  1.74033 0.490654 0.046041 2.12617 
 1.74033 0.490654 0.046041 2.12617  -2.31123 -1.21495 -0.174954 -2.12617 
 -0.174954 -2.12617 1.35359 -1.26168  1.7035 -0.397197 4.44751 -2.8972 
 1.7035 -0.397197 4.44751 -2.8972  -0.174954 -2.12617 1.35359 -1.26168 
 1.74033 0.490654 0.046041 2.12617  -0.174954 -2.12617 1.35359 -1.26168 
 -0.174954 -2.12617 1.35359 -1.26168  1.74033 0.490654 0.046041 2.12617 
 0.046041 2.12617  -3.25046 2.78037 
 -3.25046 2.78037  0.046041 2.12617 
 -3.25046 2.78037  0.046041 2.12617 -1.37201 1.96262 
 0.046041 2.12617 -1.37201 1.96262  -3.25046 2.78037 
 -2.29282 1.21495 -3.25046 2.78037  -2.29282 1.21495 
 -2.29282 1.21495  -2.29282 1.21495 -3.25046 2.78037 
 -2.29282 1.21495  -1.37201 1.96262 -2.29282 1.21495 
 -1.37201 1.96262 -2.29282 1.21495  -2.29282 1.21495 
 -2.29282 1.21495  -2.31123 -1.21495 -0.174954 -2.12617 
 -2.31123 -1.21495 -0.174954 -2.12617  -2.29282 1.21495 
 -2.29282 1.21495 -3.25046 2.78037  -4.28177 1.33178 -4.44751 -2.05608 
 -4.28177 1.33178 -4.44751 -2.05608  -2.29282 1.21495 -3.25046 2.78037 
 -4.28177 1.33178 -4.44751 -2.05608  -3.25046 2.78037 -4.28177 1.33178 
 -3.25046 2.78037 -4.28177 1.33178  -4.28177 1.33178 -4.44751 -2.05608 
 -3.25046 2.78037  -1.37201 1.96262 
 -1.37201 1.96262  -3.25046 2.78037 
 -2.31123 -1.21495  -2.29282 1.21495 
 -2.29282 1.21495  -2.31123 -1.21495 
 -3.25046 2.78037  -2.29282 1.21495 -3.25046 2.78037 
 -2.29282 1.21495 -3.25046 2.78037  -3.25046 2.78037 
 -3.25046 2.78037 -4.28177 1.33178  -2.29282 1.21495 -3.25046 2.78037 
 -2.29282 1.21495 -3.25046 2.78037  -3.25046 2.78037 -4.28177 1.33178 
