0.982969 1.28327
1 1.3071
1 0.231691
0.520497 0.0760303
1.62819 -0.633897
-0.384436 -0.241714
-0.384411 -0.218509
-0.384566 -0.218028
-0.38482 -0.218375
0.368842 -0.226365
1.59536 -0.623103
0.605859 -0.948069
0.310595 -0.545227
-0.00747558 -1.80157
0.018412 -0.506325
-0.00430326 -0.499009
-0.0143632 -0.499017
-0.009321 -0.505992
-0.392651 0.006479
-0.00661814 -0.0926353
-0.0066175 -0.0926356
-0.00662229 -0.092633
0.225033 0.231691
-0.014647 0.950732
0.225033 0.231263
0.224628 0.231556
0.511874 0.049515
0.379424 0.006479
0.505014 0.0304373
-0.327422 -0.543761
-0.624501 -0.950732
-1.6338 -0.620417
-0.00747079 -1.80423
-0.00658671 -0.0926336
-0.00661459 -0.0926374
-0.00662405 -0.0926286
0.36851 -0.226474
0.368637 -0.226083
-0.031639 -0.504608
0.388803 -0.042686
0.477811 -0.0370874
0.453475 -0.0887678
0.483174 -0.0246833
-0.401505 -0.194633
-0.392651 -0.191756
-0.402217 -0.193581
0.211258 0.249812
0.368533 -0.240845
0.253037 0.222164
-0.266265 0.222164
-0.249001 0.227773
-0.245277 0.230477
-0.249001 0.231691
-1.62023 -0.616079
0.247437 0.214457
0.25426 0.221723
-0.227849 0.254442
-1 0.231691
-1 1.26634
-1.00529 1.27361
-0.530585 0.0783113
-0.0130045 0.459057
-0.00661191 -0.0926346
-0.00661309 -0.0926371
-0.00661317 -0.0926373
-0.00661365 -0.0926383
0.283923 0.180194
0.315827 0.141629
0.365339 0.17305
0.415391 0.145534
0.358207 0.176689
-0.153324 -0.531165
-0.209962 -0.538252
-0.176312 -0.453265
-0.223736 -0.53953
0.363957 -0.239358
0.368513 -0.241502
0.391945 -0.092638
0.449655 -0.0962679
0.304312 0.201906
0.308156 0.200241
0.492998 0.0960094
0.363957 0.054081
0.476672 0.107121
0.342646 0.099369
0.42662 0.138884
-0.31754 0.201906
-0.267488 0.221723
-0.260665 0.214457
-0.220172 0.243876
-0.226755 0.25585
-0.00661048 -0.0926381
-0.0066111 -0.0926383
-0.520831 0.0481251
-0.514237 0.0296734
-0.00661124 -0.092637
0.068069 0.298861
0.0886557 0.379043
0.130353 0.340183
0.0792378 0.387273
-0.506228 0.0960075
-0.00661328 -0.0926383
-0.377185 0.054081
-0.4899 0.107121
0.018412 0.305134
0.0335284 0.424795
0.018412 0.436413
0.206945 0.243876
0.210642 0.2506
0.116548 0.286414
0.135727 0.334855
0.173679 0.294747
0.163085 0.267989
0.176223 0.291886
-0.00661506 -0.0926362
-0.192429 0.297305
-0.00660812 -0.0926259
-0.031639 0.305134
-0.031639 0.445531
-0.0477954 0.433028
-0.176312 0.267989
-0.189315 0.300831
-0.151438 0.341129
-0.081296 0.298861
-0.0934754 0.395273
-0.103733 0.386249
-0.0066025 -0.0926117
-0.129775 0.286414
-0.145376 0.347179
-0.00661383 -0.0926382
-0.00663463 -0.0926272
-0.00661029 -0.0926305
-0.00661638 -0.0926322
-0.329055 0.141629
-0.371435 0.176689
-0.321384 0.200241
-0.378567 0.17305
-0.00662452 -0.0926116
-0.355874 0.099369
-0.428619 0.145534
-0.439848 0.138884
-0.297151 0.180194
-0.00661375 -0.0926383
0.328951 -0.486538
0.247437 -0.399733
-0.00661365 -0.0926398
0.323695 -0.50469
-0.377185 -0.239358
-0.384404 -0.242755
-0.00661532 -0.0926455
-0.00661396 -0.0926385
-0.00661392 -0.0926385
-0.00661382 -0.0926385
-0.0066313 -0.0926385
-0.00661364 -0.09264
0.0726198 -0.520162
0.020498 -0.506924
0.018412 -0.490411
-0.405173 -0.092638
-0.463203 -0.0889867
-0.487414 -0.0373136
-0.459616 -0.0960635
-0.40203 -0.042686
-0.492528 -0.0254221
-0.00663525 -0.0926383
-0.00661974 -0.0926421
-0.00661296 -0.0926421
-0.430968 -0.148111
-0.40203 -0.142591
-0.433068 -0.144544
-0.297151 -0.365471
-0.361982 -0.419104
-0.372631 -0.362955
-0.359205 -0.431553
-0.329055 -0.326906
-0.373835 -0.355324
-0.380713 -0.300409
-0.031639 -0.490411
-0.0335004 -0.505146
-0.00661399 -0.0926414
0.390884 -0.19548
-0.355874 -0.284646
-0.38108 -0.296507
-0.260665 -0.399733
-0.344514 -0.489025
-0.3391 -0.507689
-0.282858 -0.54318
-0.00663462 -0.0926498
-0.220172 -0.429153
-0.30346 -0.543789
-0.0856325 -0.518466
-0.129775 -0.471691
-0.144698 -0.529814
-0.00662401 -0.0926448
-0.081296 -0.484138
-0.09038 -0.519519
-0.00662801 -0.0926481
-0.00661888 -0.0926416
-0.00661234 -0.0926385
0.291317 -0.545277
0.206945 -0.429153
0.270461 -0.54469
0.116548 -0.471691
0.131896 -0.531471
0.0776 -0.52126
0.140762 -0.532847
-0.00661991 -0.0926633
0.163085 -0.453265
0.197367 -0.539848
0.211388 -0.541128
0.068069 -0.484138
-0.00661197 -0.0926446
-0.00660707 -0.0926634
-0.00660997 -0.0926391
0.283923 -0.365471
0.343617 -0.42904
0.346283 -0.41706
0.356906 -0.36089
0.315827 -0.326906
0.358038 -0.353694
-0.00661169 -0.0926454
-0.00659999 -0.0926481
0.422991 -0.144741
0.365216 -0.295267
0.342646 -0.284646
0.364889 -0.298762
0.388803 -0.142591
0.420668 -0.14867
-0.00658472 -0.0926439
-0.00660702 -0.0926423
-0.00661221 -0.0926385
0.379424 -0.191756
0.391809 -0.194119
edges
0 1 1 0
1 0 0 1
2 1 0 1
1 2 1 0
3 2 0 0
2 3 0 0
4 2 0 1
2 4 1 0
5 6 0 0
6 5 0 0
7 6 0 1
6 7 1 0
8 6 1 0
6 8 0 1
9 10 0 0
10 9 0 0
11 10 0 1
10 11 1 0
4 10 1 0
10 4 0 1
12 11 0 0
11 12 0 0
13 11 0 1
11 13 1 0
14 15 0 0
15 14 0 0
16 15 0 1
15 16 1 0
17 15 1 0
15 17 0 1
18 19 0 0
19 18 0 0
20 19 0 0
19 20 0 0
21 19 0 0
19 21 0 0
22 0 0 0
0 22 0 0
23 0 1 0
0 23 0 1
24 22 1 0
22 24 0 1
25 22 0 1
22 25 1 0
3 26 0 0
26 3 0 0
27 26 0 1
26 27 1 0
28 26 1 0
26 28 0 1
29 30 0 0
30 29 0 0
31 30 0 1
30 31 1 0
32 30 1 0
30 32 0 1
33 27 0 0
27 33 0 0
28 27 0 1
27 28 1 0
34 20 0 0
20 34 0 0
35 20 0 0
20 35 0 0
36 9 1 0
9 36 0 1
37 9 0 1
9 37 1 0
38 16 0 0
16 38 0 0
17 16 0 1
16 17 1 0
39 40 1 0
40 39 0 1
41 40 0 0
40 41 0 0
42 40 0 1
40 42 1 0
43 7 0 0
7 43 0 0
8 7 0 1
7 8 1 0
44 43 0 1
43 44 1 0
45 43 1 0
43 45 0 1
13 17 0 0
17 13 0 0
46 25 0 0
25 46 0 0
24 25 0 1
25 24 1 0
37 36 1 0
36 37 0 1
47 36 0 0
36 47 0 0
48 24 0 0
24 48 0 0
13 32 1 0
32 13 0 1
49 50 0 0
50 49 0 0
51 50 0 1
50 51 1 0
52 50 1 0
50 52 0 1
53 8 0 0
8 53 0 0
54 48 0 1
48 54 1 0
55 48 1 0
48 55 0 1
53 31 0 1
31 53 1 0
56 51 0 0
51 56 0 0
52 51 0 1
51 52 1 0
57 53 0 1
53 57 1 0
58 52 0 0
52 58 0 0
59 58 0 1
58 59 1 0
57 58 1 0
58 57 0 1
60 57 0 0
57 60 0 0
59 23 1 0
23 59 0 1
61 23 0 0
23 61 0 0
62 54 0 0
54 62 0 0
55 54 0 1
54 55 1 0
63 64 0 0
64 63 0 0
65 64 0 0
64 65 0 0
66 64 0 0
64 66 0 0
42 28 0 0
28 42 0 0
67 68 1 0
68 67 0 1
69 68 0 0
68 69 0 0
70 68 0 1
68 70 1 0
71 72 0 0
72 71 0 0
73 72 0 1
72 73 1 0
74 72 1 0
72 74 0 1
75 47 0 1
47 75 1 0
76 47 1 0
47 76 0 1
77 41 0 1
41 77 1 0
78 41 1 0
41 78 0 1
79 55 0 0
55 79 0 0
66 80 1 0
80 66 0 1
70 80 0 0
80 70 0 0
79 80 0 1
80 79 1 0
42 39 1 0
39 42 0 1
33 39 0 0
39 33 0 0
81 3 0 0
3 81 0 0
82 81 1 0
81 82 0 1
83 81 0 1
81 83 1 0
84 85 1 0
85 84 0 1
83 85 0 0
85 83 0 0
69 85 0 1
85 69 1 0
86 87 0 0
87 86 0 0
88 87 0 1
87 88 1 0
49 87 1 0
87 49 0 1
89 56 0 1
56 89 1 0
90 56 1 0
56 90 0 1
91 33 0 0
33 91 0 0
82 91 0 0
91 82 0 0
92 91 0 0
91 92 0 0
83 82 1 0
82 83 0 1
35 88 0 0
88 35 0 0
49 88 0 1
88 49 1 0
18 93 1 0
93 18 0 1
60 93 0 0
93 60 0 0
94 93 0 1
93 94 1 0
69 84 1 0
84 69 0 1
95 84 0 0
84 95 0 0
96 97 1 0
97 96 0 1
98 97 0 0
97 98 0 0
99 97 0 1
97 99 1 0
100 60 0 0
60 100 0 0
67 95 0 0
95 67 0 0
101 95 0 0
95 101 0 0
70 67 1 0
67 70 0 1
102 100 0 1
100 102 1 0
103 100 1 0
100 103 0 1
79 66 1 0
66 79 0 1
104 105 1 0
105 104 0 1
99 105 0 0
105 99 0 0
106 105 0 1
105 106 1 0
107 46 1 0
46 107 0 1
108 46 0 1
46 108 1 0
109 110 1 0
110 109 0 1
111 110 0 0
110 111 0 0
98 110 0 1
110 98 1 0
112 113 1 0
113 112 0 1
108 113 0 0
113 108 0 0
111 113 0 1
113 111 1 0
114 89 0 0
89 114 0 0
90 89 0 1
89 90 1 0
115 90 0 0
90 115 0 0
108 107 1 0
107 108 0 1
116 107 0 0
107 116 0 0
117 118 1 0
118 117 0 1
61 118 0 0
118 61 0 0
119 118 0 1
118 119 1 0
120 121 1 0
121 120 0 1
122 121 0 0
121 122 0 0
115 121 0 1
121 115 1 0
123 124 1 0
124 123 0 1
119 124 0 0
124 119 0 0
125 124 0 1
124 125 1 0
111 112 1 0
112 111 0 1
126 112 0 0
112 126 0 0
127 128 1 0
128 127 0 1
125 128 0 0
128 125 0 0
122 128 0 1
128 122 1 0
129 34 0 0
34 129 0 0
114 34 0 0
34 114 0 0
130 102 0 0
102 130 0 0
103 102 0 1
102 103 1 0
126 116 0 0
116 126 0 0
131 116 0 0
116 131 0 0
109 126 0 0
126 109 0 0
98 109 1 0
109 98 0 1
131 62 0 0
62 131 0 0
63 62 0 0
62 63 0 0
96 131 0 0
131 96 0 0
99 96 1 0
96 99 0 1
104 63 0 0
63 104 0 0
106 104 1 0
104 106 0 1
61 106 0 0
106 61 0 0
119 117 1 0
117 119 0 1
129 117 0 0
117 129 0 0
125 123 1 0
123 125 0 1
132 123 0 0
123 132 0 0
133 134 1 0
134 133 0 1
135 134 0 0
134 135 0 0
136 134 0 1
134 136 1 0
122 127 1 0
127 122 0 1
137 127 0 0
127 137 0 0
138 139 1 0
139 138 0 1
136 139 0 0
139 136 0 0
140 139 0 1
139 140 1 0
140 103 0 0
103 140 0 0
137 132 0 0
132 137 0 0
114 132 0 0
132 114 0 0
120 137 0 0
137 120 0 0
115 120 1 0
120 115 0 1
141 86 1 0
86 141 0 1
135 86 0 1
86 135 1 0
142 129 0 0
129 142 0 0
143 144 1 0
144 143 0 1
145 144 0 0
144 145 0 0
146 144 0 1
144 146 1 0
147 5 1 0
5 147 0 1
148 5 0 1
5 148 1 0
149 73 0 0
73 149 0 0
74 73 0 1
73 74 1 0
150 151 0 0
151 150 0 0
152 151 0 0
151 152 0 0
153 151 0 0
151 153 0 0
141 35 0 0
35 141 0 0
135 141 1 0
141 135 0 1
152 145 0 0
145 152 0 0
154 145 0 0
145 154 0 0
155 156 0 0
156 155 0 0
157 156 0 1
156 157 1 0
14 156 1 0
156 14 0 1
136 133 1 0
133 136 0 1
21 133 0 0
133 21 0 0
158 159 1 0
159 158 0 1
160 159 0 0
159 160 0 0
161 159 0 1
159 161 1 0
162 160 0 1
160 162 1 0
163 160 1 0
160 163 0 1
164 162 0 0
162 164 0 0
163 162 0 1
162 163 1 0
140 138 1 0
138 140 0 1
130 138 0 0
138 130 0 0
94 163 0 0
163 94 0 0
165 44 0 0
44 165 0 0
45 44 0 1
44 45 1 0
166 157 0 0
157 166 0 0
14 157 0 1
157 14 1 0
142 152 0 0
152 142 0 0
167 45 0 0
45 167 0 0
168 169 1 0
169 168 0 1
161 169 0 0
169 161 0 0
167 169 0 1
169 167 1 0
170 171 1 0
171 170 0 1
172 171 0 0
171 172 0 0
173 171 0 1
171 173 1 0
174 175 1 0
175 174 0 1
176 175 0 0
175 176 0 0
172 175 0 1
175 172 1 0
130 21 0 0
21 130 0 0
94 18 1 0
18 94 0 1
177 38 0 1
38 177 1 0
178 38 1 0
38 178 0 1
158 164 0 0
164 158 0 0
153 164 0 0
164 153 0 0
161 158 1 0
158 161 0 1
179 177 0 0
177 179 0 0
178 177 0 1
177 178 1 0
65 142 0 0
142 65 0 0
180 37 0 0
37 180 0 0
168 153 0 0
153 168 0 0
167 168 1 0
168 167 0 1
181 182 1 0
182 181 0 1
148 182 0 0
182 148 0 0
176 182 0 1
182 176 1 0
183 184 1 0
184 183 0 1
173 184 0 0
184 173 0 0
185 184 0 1
184 185 1 0
186 74 0 0
74 186 0 0
148 147 1 0
147 148 0 1
187 147 0 0
147 187 0 0
188 189 1 0
189 188 0 1
29 189 0 0
189 29 0 0
186 189 0 1
189 186 1 0
190 178 0 0
178 190 0 0
191 71 1 0
71 191 0 1
192 71 0 1
71 192 1 0
181 187 0 0
187 181 0 0
193 187 0 0
187 193 0 0
176 181 1 0
181 176 0 1
194 195 1 0
195 194 0 1
192 195 0 0
195 192 0 0
190 195 0 1
195 190 1 0
172 174 1 0
174 172 0 1
196 174 0 0
174 196 0 0
101 65 0 0
65 101 0 0
193 165 0 0
165 193 0 0
197 165 0 0
165 197 0 0
196 193 0 0
193 196 0 0
170 196 0 0
196 170 0 0
173 170 1 0
170 173 0 1
198 101 0 0
101 198 0 0
183 197 0 0
197 183 0 0
150 197 0 0
197 150 0 0
185 183 1 0
183 185 0 1
29 185 0 0
185 29 0 0
188 150 0 0
150 188 0 0
186 188 1 0
188 186 0 1
12 199 0 0
199 12 0 0
200 199 0 1
199 200 1 0
201 199 1 0
199 201 0 1
202 203 1 0
203 202 0 1
204 203 0 0
203 204 0 0
205 203 0 1
203 205 1 0
192 191 1 0
191 192 0 1
206 191 0 0
191 206 0 0
207 208 1 0
208 207 0 1
205 208 0 0
208 205 0 0
209 208 0 1
208 209 1 0
200 201 1 0
201 200 0 1
209 201 0 0
201 209 0 0
206 149 0 0
149 206 0 0
179 149 0 0
149 179 0 0
194 206 0 0
206 194 0 0
190 194 1 0
194 190 0 1
210 155 1 0
155 210 0 1
204 155 0 1
155 204 1 0
211 200 0 0
200 211 0 0
12 146 0 0
146 12 0 0
143 146 0 1
146 143 1 0
154 179 0 0
179 154 0 0
92 77 0 0
77 92 0 0
78 77 0 1
77 78 1 0
204 210 1 0
210 204 0 1
212 210 0 0
210 212 0 0
213 75 0 0
75 213 0 0
76 75 0 1
75 76 1 0
214 215 1 0
215 214 0 1
143 215 0 0
215 143 0 0
216 215 0 1
215 216 1 0
217 216 0 0
216 217 0 0
214 216 0 1
216 214 1 0
218 217 1 0
217 218 0 1
219 217 0 1
217 219 1 0
202 212 0 0
212 202 0 0
220 212 0 0
212 220 0 0
205 202 1 0
202 205 0 1
221 214 0 0
214 221 0 0
222 78 0 0
78 222 0 0
207 220 0 0
220 207 0 0
211 220 0 0
220 211 0 0
209 207 1 0
207 209 0 1
223 76 0 0
76 223 0 0
224 225 1 0
225 224 0 1
219 225 0 0
225 219 0 0
223 225 0 1
225 223 1 0
226 222 0 1
222 226 1 0
227 222 1 0
222 227 0 1
228 226 0 0
226 228 0 0
227 226 0 1
226 227 1 0
166 154 0 0
154 166 0 0
211 166 0 0
166 211 0 0
218 221 0 0
221 218 0 0
229 221 0 0
221 229 0 0
219 218 1 0
218 219 0 1
224 229 0 0
229 224 0 0
230 229 0 0
229 230 0 0
223 224 1 0
224 223 0 1
231 180 1 0
180 231 0 1
232 180 0 1
180 232 1 0
232 227 0 0
227 232 0 0
232 231 1 0
231 232 0 1
228 231 0 0
231 228 0 0
198 92 0 0
92 198 0 0
230 198 0 0
198 230 0 0
213 230 0 0
230 213 0 0
228 213 0 0
213 228 0 0
edgeattributes
 -0.014647 0.950732  0.225033 0.231691 1 0.231691 
 0.225033 0.231691 1 0.231691  -0.014647 0.950732 
 0.225033 0.231691 1 0.231691  1 0.231691 
 1 0.231691  0.225033 0.231691 1 0.231691 
 0.225033 0.231691 1 0.231691  1 0.231691 0.368842 -0.226365 
 1 0.231691 0.368842 -0.226365  0.225033 0.231691 1 0.231691 
 1 0.231691 0.368842 -0.226365  1 0.231691 
 1 0.231691  1 0.231691 0.368842 -0.226365 
 -0.624501 -0.950732 -0.38482 -0.218375  -0.392651 -0.191756 -0.377185 -0.239358 
 -0.392651 -0.191756 -0.377185 -0.239358  -0.624501 -0.950732 -0.38482 -0.218375 
 -0.392651 -0.191756 -0.377185 -0.239358  -0.38482 -0.218375 
 -0.38482 -0.218375  -0.392651 -0.191756 -0.377185 -0.239358 
 -0.38482 -0.218375  -0.624501 -0.950732 -0.38482 -0.218375 
 -0.624501 -0.950732 -0.38482 -0.218375  -0.38482 -0.218375 
 1 0.231691 0.368842 -0.226365  0.368842 -0.226365 0.605859 -0.948069 
 0.368842 -0.226365 0.605859 -0.948069  1 0.231691 0.368842 -0.226365 
 0.368842 -0.226365 0.605859 -0.948069  0.605859 -0.948069 
 0.605859 -0.948069  0.368842 -0.226365 0.605859 -0.948069 
 0.605859 -0.948069  1 0.231691 0.368842 -0.226365 
 1 0.231691 0.368842 -0.226365  0.605859 -0.948069 
 0.368842 -0.226365 0.605859 -0.948069  0.605859 -0.948069 -0.009321 -0.505992 
 0.605859 -0.948069 -0.009321 -0.505992  0.368842 -0.226365 0.605859 -0.948069 
 0.605859 -0.948069 -0.009321 -0.505992  0.605859 -0.948069 
 0.605859 -0.948069  0.605859 -0.948069 -0.009321 -0.505992 
 0.605859 -0.948069 -0.009321 -0.505992  -0.031639 -0.490411 0.018412 -0.490411 
 -0.031639 -0.490411 0.018412 -0.490411  0.605859 -0.948069 -0.009321 -0.505992 
 -0.031639 -0.490411 0.018412 -0.490411  -0.009321 -0.505992 
 -0.009321 -0.505992  -0.031639 -0.490411 0.018412 -0.490411 
 -0.009321 -0.505992  0.605859 -0.948069 -0.009321 -0.505992 
 0.605859 -0.948069 -0.009321 -0.505992  -0.009321 -0.505992 
 -0.377185 0.054081 -0.392651 0.006479  -0.392651 0.006479 -0.40203 -0.042686 
 -0.392651 0.006479 -0.40203 -0.042686  -0.377185 0.054081 -0.392651 0.006479 
 -0.392651 0.006479 -0.40203 -0.042686  -0.297151 0.180194 -0.329055 0.141629 
 -0.297151 0.180194 -0.329055 0.141629  -0.392651 0.006479 -0.40203 -0.042686 
 -0.297151 0.180194 -0.329055 0.141629  -0.377185 0.054081 -0.392651 0.006479 
 -0.377185 0.054081 -0.392651 0.006479  -0.297151 0.180194 -0.329055 0.141629 
 -0.014647 0.950732 0.225033 0.231691  0.225033 0.231691 1 0.231691 
 0.225033 0.231691 1 0.231691  -0.014647 0.950732 0.225033 0.231691 
 -0.014647 0.950732  -0.014647 0.950732 0.225033 0.231691 
 -0.014647 0.950732 0.225033 0.231691  -0.014647 0.950732 
 0.225033 0.231691  0.225033 0.231691 1 0.231691 
 0.225033 0.231691 1 0.231691  0.225033 0.231691 
 -0.014647 0.950732 0.225033 0.231691  0.225033 0.231691 
 0.225033 0.231691  -0.014647 0.950732 0.225033 0.231691 
 1 0.231691 0.368842 -0.226365  0.379424 0.006479 0.363957 0.054081 
 0.379424 0.006479 0.363957 0.054081  1 0.231691 0.368842 -0.226365 
 0.379424 0.006479 0.363957 0.054081  0.379424 0.006479 
 0.379424 0.006479  0.379424 0.006479 0.363957 0.054081 
 0.379424 0.006479  1 0.231691 0.368842 -0.226365 
 1 0.231691 0.368842 -0.226365  0.379424 0.006479 
 -0.009321 -0.505992 -0.624501 -0.950732  -0.624501 -0.950732 -0.38482 -0.218375 
 -0.624501 -0.950732 -0.38482 -0.218375  -0.009321 -0.505992 -0.624501 -0.950732 
 -0.624501 -0.950732 -0.38482 -0.218375  -0.624501 -0.950732 
 -0.624501 -0.950732  -0.624501 -0.950732 -0.38482 -0.218375 
 -0.624501 -0.950732  -0.009321 -0.505992 -0.624501 -0.950732 
 -0.009321 -0.505992 -0.624501 -0.950732  -0.624501 -0.950732 
 0.379424 0.006479 0.363957 0.054081  0.388803 -0.042686 0.379424 0.006479 
 0.388803 -0.042686 0.379424 0.006479  0.379424 0.006479 0.363957 0.054081 
 0.388803 -0.042686 0.379424 0.006479  0.379424 0.006479 
 0.379424 0.006479  0.388803 -0.042686 0.379424 0.006479 
 -0.392651 0.006479 -0.40203 -0.042686  -0.220172 0.243876 -0.260665 0.214457 
 -0.220172 0.243876 -0.260665 0.214457  -0.392651 0.006479 -0.40203 -0.042686 
 -0.220172 0.243876 -0.260665 0.214457  -0.297151 0.180194 -0.329055 0.141629 
 -0.297151 0.180194 -0.329055 0.141629  -0.220172 0.243876 -0.260665 0.214457 
 0.368842 -0.226365  0.368842 -0.226365 0.605859 -0.948069 
 0.368842 -0.226365 0.605859 -0.948069  0.368842 -0.226365 
 1 0.231691 0.368842 -0.226365  0.368842 -0.226365 
 0.368842 -0.226365  1 0.231691 0.368842 -0.226365 
 -0.031639 -0.490411 0.018412 -0.490411  -0.009321 -0.505992 -0.624501 -0.950732 
 -0.009321 -0.505992 -0.624501 -0.950732  -0.031639 -0.490411 0.018412 -0.490411 
 -0.009321 -0.505992 -0.624501 -0.950732  -0.009321 -0.505992 
 -0.009321 -0.505992  -0.009321 -0.505992 -0.624501 -0.950732 
 0.388803 -0.042686  0.391945 -0.092638 0.388803 -0.042686 
 0.391945 -0.092638 0.388803 -0.042686  0.388803 -0.042686 
 0.391945 -0.092638 0.388803 -0.042686  1 0.231691 0.368842 -0.226365 
 1 0.231691 0.368842 -0.226365  0.391945 -0.092638 0.388803 -0.042686 
 1 0.231691 0.368842 -0.226365  0.388803 -0.042686 
 0.388803 -0.042686  1 0.231691 0.368842 -0.226365 
 -0.392651 -0.191756 -0.377185 -0.239358  -0.38482 -0.218375 -1 0.231691 
 -0.38482 -0.218375 -1 0.231691  -0.392651 -0.191756 -0.377185 -0.239358 
 -0.38482 -0.218375 -1 0.231691  -0.38482 -0.218375 
 -0.38482 -0.218375  -0.38482 -0.218375 -1 0.231691 
 -0.392651 -0.191756 -0.377185 -0.239358  -0.392651 -0.191756 
 -0.392651 -0.191756  -0.392651 -0.191756 -0.377185 -0.239358 
 -0.392651 -0.191756  -0.38482 -0.218375 -1 0.231691 
 -0.38482 -0.218375 -1 0.231691  -0.392651 -0.191756 
 -0.009321 -0.505992 -0.624501 -0.950732  0.605859 -0.948069 -0.009321 -0.505992 
 0.605859 -0.948069 -0.009321 -0.505992  -0.009321 -0.505992 -0.624501 -0.950732 
 -0.014647 0.950732 0.225033 0.231691  0.247437 0.214457 0.206945 0.243876 
 0.247437 0.214457 0.206945 0.243876  -0.014647 0.950732 0.225033 0.231691 
 0.247437 0.214457 0.206945 0.243876  0.225033 0.231691 
 0.225033 0.231691  0.247437 0.214457 0.206945 0.243876 
 0.368842 -0.226365  0.363957 -0.239358 0.379424 -0.191756 
 0.363957 -0.239358 0.379424 -0.191756  0.368842 -0.226365 
 0.363957 -0.239358 0.379424 -0.191756  0.368842 -0.226365 0.605859 -0.948069 
 0.368842 -0.226365 0.605859 -0.948069  0.363957 -0.239358 0.379424 -0.191756 
 0.247437 0.214457 0.206945 0.243876  0.225033 0.231691 1 0.231691 
 0.225033 0.231691 1 0.231691  0.247437 0.214457 0.206945 0.243876 
 0.605859 -0.948069  -0.009321 -0.505992 -0.624501 -0.950732 
 -0.009321 -0.505992 -0.624501 -0.950732  0.605859 -0.948069 
 -1 0.231691 -0.249001 0.231691  -0.220172 0.243876 -0.260665 0.214457 
 -0.220172 0.243876 -0.260665 0.214457  -1 0.231691 -0.249001 0.231691 
 -0.220172 0.243876 -0.260665 0.214457  -0.249001 0.231691 
 -0.249001 0.231691  -0.220172 0.243876 -0.260665 0.214457 
 -0.249001 0.231691  -1 0.231691 -0.249001 0.231691 
 -1 0.231691 -0.249001 0.231691  -0.249001 0.231691 
 -0.38482 -0.218375 -1 0.231691  -0.624501 -0.950732 -0.38482 -0.218375 
 -0.624501 -0.950732 -0.38482 -0.218375  -0.38482 -0.218375 -1 0.231691 
 0.247437 0.214457 0.206945 0.243876  0.247437 0.214457 
 0.247437 0.214457  0.247437 0.214457 0.206945 0.243876 
 0.247437 0.214457  0.225033 0.231691 1 0.231691 
 0.225033 0.231691 1 0.231691  0.247437 0.214457 
 -0.624501 -0.950732 -0.38482 -0.218375  -1 0.231691 
 -1 0.231691  -0.624501 -0.950732 -0.38482 -0.218375 
 -0.220172 0.243876 -0.260665 0.214457  -0.249001 0.231691 -0.014647 0.950732 
 -0.249001 0.231691 -0.014647 0.950732  -0.220172 0.243876 -0.260665 0.214457 
 -0.249001 0.231691 -0.014647 0.950732  -0.249001 0.231691 
 -0.249001 0.231691  -0.249001 0.231691 -0.014647 0.950732 
 -0.38482 -0.218375 -1 0.231691  -1 0.231691 
 -1 0.231691  -0.38482 -0.218375 -1 0.231691 
 -0.249001 0.231691 -0.014647 0.950732  -1 0.231691 -0.249001 0.231691 
 -1 0.231691 -0.249001 0.231691  -0.249001 0.231691 -0.014647 0.950732 
 -0.249001 0.231691 -0.014647 0.950732  -1 0.231691 
 -1 0.231691  -0.249001 0.231691 -0.014647 0.950732 
 -1 0.231691  -1 0.231691 -0.249001 0.231691 
 -1 0.231691 -0.249001 0.231691  -1 0.231691 
 -0.38482 -0.218375 -1 0.231691  -1 0.231691 -0.249001 0.231691 
 -1 0.231691 -0.249001 0.231691  -0.38482 -0.218375 -1 0.231691 
 -0.014647 0.950732  -0.249001 0.231691 -0.014647 0.950732 
 -0.249001 0.231691 -0.014647 0.950732  -0.014647 0.950732 
 -0.249001 0.231691 -0.014647 0.950732  -0.014647 0.950732 0.225033 0.231691 
 -0.014647 0.950732 0.225033 0.231691  -0.249001 0.231691 -0.014647 0.950732 
 0.247437 0.214457 0.206945 0.243876  0.283923 0.180194 0.247437 0.214457 
 0.283923 0.180194 0.247437 0.214457  0.247437 0.214457 0.206945 0.243876 
 0.283923 0.180194 0.247437 0.214457  0.247437 0.214457 
 0.247437 0.214457  0.283923 0.180194 0.247437 0.214457 
 0.283923 0.180194 0.247437 0.214457  0.018412 0.305134 -0.031639 0.305134 
 0.018412 0.305134 -0.031639 0.305134  0.283923 0.180194 0.247437 0.214457 
 0.018412 0.305134 -0.031639 0.305134  0.315827 0.141629 0.283923 0.180194 
 0.315827 0.141629 0.283923 0.180194  0.018412 0.305134 -0.031639 0.305134 
 0.315827 0.141629 0.283923 0.180194  0.283923 0.180194 0.247437 0.214457 
 0.283923 0.180194 0.247437 0.214457  0.315827 0.141629 0.283923 0.180194 
 0.388803 -0.042686 0.379424 0.006479  1 0.231691 0.368842 -0.226365 
 1 0.231691 0.368842 -0.226365  0.388803 -0.042686 0.379424 0.006479 
 0.315827 0.141629  0.342646 0.099369 0.315827 0.141629 
 0.342646 0.099369 0.315827 0.141629  0.315827 0.141629 
 0.342646 0.099369 0.315827 0.141629  0.225033 0.231691 1 0.231691 
 0.225033 0.231691 1 0.231691  0.342646 0.099369 0.315827 0.141629 
 0.225033 0.231691 1 0.231691  0.315827 0.141629 
 0.315827 0.141629  0.225033 0.231691 1 0.231691 
 -0.009321 -0.505992 -0.624501 -0.950732  -0.176312 -0.453265 -0.129775 -0.471691 
 -0.176312 -0.453265 -0.129775 -0.471691  -0.009321 -0.505992 -0.624501 -0.950732 
 -0.176312 -0.453265 -0.129775 -0.471691  -0.176312 -0.453265 
 -0.176312 -0.453265  -0.176312 -0.453265 -0.129775 -0.471691 
 -0.176312 -0.453265  -0.009321 -0.505992 -0.624501 -0.950732 
 -0.009321 -0.505992 -0.624501 -0.950732  -0.176312 -0.453265 
 0.363957 -0.239358 0.379424 -0.191756  0.363957 -0.239358 
 0.363957 -0.239358  0.363957 -0.239358 0.379424 -0.191756 
 0.363957 -0.239358  0.368842 -0.226365 0.605859 -0.948069 
 0.368842 -0.226365 0.605859 -0.948069  0.363957 -0.239358 
 0.391945 -0.092638 0.388803 -0.042686  0.391945 -0.092638 
 0.391945 -0.092638  0.391945 -0.092638 0.388803 -0.042686 
 0.391945 -0.092638  1 0.231691 0.368842 -0.226365 
 1 0.231691 0.368842 -0.226365  0.391945 -0.092638 
 0.283923 0.180194 0.247437 0.214457  0.225033 0.231691 1 0.231691 
 0.225033 0.231691 1 0.231691  0.283923 0.180194 0.247437 0.214457 
 0.283923 0.180194  0.315827 0.141629 0.283923 0.180194 
 0.315827 0.141629 0.283923 0.180194  0.283923 0.180194 
 0.315827 0.141629 0.283923 0.180194  0.225033 0.231691 1 0.231691 
 0.225033 0.231691 1 0.231691  0.315827 0.141629 0.283923 0.180194 
 0.225033 0.231691 1 0.231691  0.283923 0.180194 
 0.283923 0.180194  0.225033 0.231691 1 0.231691 
 0.388803 -0.042686  0.388803 -0.042686 0.379424 0.006479 
 0.388803 -0.042686 0.379424 0.006479  0.388803 -0.042686 
 0.388803 -0.042686 0.379424 0.006479  0.391945 -0.092638 0.388803 -0.042686 
 0.391945 -0.092638 0.388803 -0.042686  0.388803 -0.042686 0.379424 0.006479 
 0.225033 0.231691 1 0.231691  0.379424 0.006479 0.363957 0.054081 
 0.379424 0.006479 0.363957 0.054081  0.225033 0.231691 1 0.231691 
 0.363957 0.054081  0.379424 0.006479 0.363957 0.054081 
 0.379424 0.006479 0.363957 0.054081  0.363957 0.054081 
 0.225033 0.231691 1 0.231691  0.363957 0.054081 
 0.363957 0.054081  0.225033 0.231691 1 0.231691 
 0.342646 0.099369  0.363957 0.054081 0.342646 0.099369 
 0.363957 0.054081 0.342646 0.099369  0.342646 0.099369 
 0.363957 0.054081 0.342646 0.099369  0.225033 0.231691 1 0.231691 
 0.225033 0.231691 1 0.231691  0.363957 0.054081 0.342646 0.099369 
 0.225033 0.231691 1 0.231691  0.342646 0.099369 
 0.342646 0.099369  0.225033 0.231691 1 0.231691 
 -1 0.231691 -0.249001 0.231691  -0.260665 0.214457 -0.297151 0.180194 
 -0.260665 0.214457 -0.297151 0.180194  -1 0.231691 -0.249001 0.231691 
 -0.260665 0.214457 -0.297151 0.180194  -0.260665 0.214457 
 -0.260665 0.214457  -0.260665 0.214457 -0.297151 0.180194 
 -0.260665 0.214457  -1 0.231691 -0.249001 0.231691 
 -1 0.231691 -0.249001 0.231691  -0.260665 0.214457 
 -0.220172 0.243876 -0.260665 0.214457  -0.220172 0.243876 
 -0.220172 0.243876  -0.220172 0.243876 -0.260665 0.214457 
 -0.220172 0.243876  -0.249001 0.231691 -0.014647 0.950732 
 -0.249001 0.231691 -0.014647 0.950732  -0.220172 0.243876 
 0.379424 0.006479 0.363957 0.054081  0.391945 -0.092638 0.388803 -0.042686 
 0.391945 -0.092638 0.388803 -0.042686  0.379424 0.006479 0.363957 0.054081 
 0.379424 0.006479 0.363957 0.054081  0.363957 0.054081 0.342646 0.099369 
 0.363957 0.054081 0.342646 0.099369  0.379424 0.006479 0.363957 0.054081 
 0.363957 0.054081 0.342646 0.099369  0.391945 -0.092638 0.388803 -0.042686 
 0.391945 -0.092638 0.388803 -0.042686  0.363957 0.054081 0.342646 0.099369 
 0.363957 0.054081  0.363957 0.054081 0.342646 0.099369 
 0.363957 0.054081 0.342646 0.099369  0.363957 0.054081 
 -0.260665 0.214457 -0.297151 0.180194  -0.220172 0.243876 -0.260665 0.214457 
 -0.220172 0.243876 -0.260665 0.214457  -0.260665 0.214457 -0.297151 0.180194 
 -0.220172 0.243876 -0.260665 0.214457  -0.260665 0.214457 
 -0.260665 0.214457  -0.220172 0.243876 -0.260665 0.214457 
 -0.392651 0.006479  -0.377185 0.054081 -0.392651 0.006479 
 -0.377185 0.054081 -0.392651 0.006479  -0.392651 0.006479 
 -0.377185 0.054081 -0.392651 0.006479  -0.38482 -0.218375 -1 0.231691 
 -0.38482 -0.218375 -1 0.231691  -0.377185 0.054081 -0.392651 0.006479 
 -0.38482 -0.218375 -1 0.231691  -0.392651 0.006479 
 -0.392651 0.006479  -0.38482 -0.218375 -1 0.231691 
 0.342646 0.099369  0.342646 0.099369 0.315827 0.141629 
 0.342646 0.099369 0.315827 0.141629  0.342646 0.099369 
 0.342646 0.099369 0.315827 0.141629  0.363957 0.054081 0.342646 0.099369 
 0.363957 0.054081 0.342646 0.099369  0.342646 0.099369 0.315827 0.141629 
 0.068069 0.298861  0.116548 0.286414 0.068069 0.298861 
 0.116548 0.286414 0.068069 0.298861  0.068069 0.298861 
 0.116548 0.286414 0.068069 0.298861  -0.014647 0.950732 0.225033 0.231691 
 -0.014647 0.950732 0.225033 0.231691  0.116548 0.286414 0.068069 0.298861 
 -0.014647 0.950732 0.225033 0.231691  0.068069 0.298861 
 0.068069 0.298861  -0.014647 0.950732 0.225033 0.231691 
 -0.377185 0.054081 -0.392651 0.006479  -1 0.231691 -0.249001 0.231691 
 -1 0.231691 -0.249001 0.231691  -0.377185 0.054081 -0.392651 0.006479 
 0.342646 0.099369 0.315827 0.141629  0.315827 0.141629 0.283923 0.180194 
 0.315827 0.141629 0.283923 0.180194  0.342646 0.099369 0.315827 0.141629 
 0.315827 0.141629 0.283923 0.180194  0.363957 0.054081 0.342646 0.099369 
 0.363957 0.054081 0.342646 0.099369  0.315827 0.141629 0.283923 0.180194 
 0.315827 0.141629  0.315827 0.141629 0.283923 0.180194 
 0.315827 0.141629 0.283923 0.180194  0.315827 0.141629 
 -0.377185 0.054081 -0.392651 0.006479  -0.377185 0.054081 
 -0.377185 0.054081  -0.377185 0.054081 -0.392651 0.006479 
 -0.377185 0.054081  -1 0.231691 -0.249001 0.231691 
 -1 0.231691 -0.249001 0.231691  -0.377185 0.054081 
 0.283923 0.180194  0.283923 0.180194 0.247437 0.214457 
 0.283923 0.180194 0.247437 0.214457  0.283923 0.180194 
 0.018412 0.305134  0.068069 0.298861 0.018412 0.305134 
 0.068069 0.298861 0.018412 0.305134  0.018412 0.305134 
 0.068069 0.298861 0.018412 0.305134  -0.014647 0.950732 0.225033 0.231691 
 -0.014647 0.950732 0.225033 0.231691  0.068069 0.298861 0.018412 0.305134 
 -0.014647 0.950732 0.225033 0.231691  0.018412 0.305134 
 0.018412 0.305134  -0.014647 0.950732 0.225033 0.231691 
 0.206945 0.243876  0.247437 0.214457 0.206945 0.243876 
 0.247437 0.214457 0.206945 0.243876  0.206945 0.243876 
 -0.014647 0.950732 0.225033 0.231691  0.206945 0.243876 
 0.206945 0.243876  -0.014647 0.950732 0.225033 0.231691 
 0.116548 0.286414  0.163085 0.267989 0.116548 0.286414 
 0.163085 0.267989 0.116548 0.286414  0.116548 0.286414 
 0.163085 0.267989 0.116548 0.286414  -0.014647 0.950732 0.225033 0.231691 
 -0.014647 0.950732 0.225033 0.231691  0.163085 0.267989 0.116548 0.286414 
 -0.014647 0.950732 0.225033 0.231691  0.116548 0.286414 
 0.116548 0.286414  -0.014647 0.950732 0.225033 0.231691 
 0.163085 0.267989  0.206945 0.243876 0.163085 0.267989 
 0.206945 0.243876 0.163085 0.267989  0.163085 0.267989 
 0.206945 0.243876 0.163085 0.267989  -0.014647 0.950732 0.225033 0.231691 
 -0.014647 0.950732 0.225033 0.231691  0.206945 0.243876 0.163085 0.267989 
 -0.014647 0.950732 0.225033 0.231691  0.163085 0.267989 
 0.163085 0.267989  -0.014647 0.950732 0.225033 0.231691 
 -0.220172 0.243876 -0.260665 0.214457  -0.176312 0.267989 -0.220172 0.243876 
 -0.176312 0.267989 -0.220172 0.243876  -0.220172 0.243876 -0.260665 0.214457 
 -0.176312 0.267989 -0.220172 0.243876  -0.220172 0.243876 
 -0.220172 0.243876  -0.176312 0.267989 -0.220172 0.243876 
 -0.176312 0.267989 -0.220172 0.243876  -0.249001 0.231691 -0.014647 0.950732 
 -0.249001 0.231691 -0.014647 0.950732  -0.176312 0.267989 -0.220172 0.243876 
 0.206945 0.243876  0.206945 0.243876 0.163085 0.267989 
 0.206945 0.243876 0.163085 0.267989  0.206945 0.243876 
 0.206945 0.243876 0.163085 0.267989  0.247437 0.214457 0.206945 0.243876 
 0.247437 0.214457 0.206945 0.243876  0.206945 0.243876 0.163085 0.267989 
 -0.031639 0.305134  0.018412 0.305134 -0.031639 0.305134 
 0.018412 0.305134 -0.031639 0.305134  -0.031639 0.305134 
 0.018412 0.305134 -0.031639 0.305134  -0.249001 0.231691 -0.014647 0.950732 
 -0.249001 0.231691 -0.014647 0.950732  0.018412 0.305134 -0.031639 0.305134 
 -0.249001 0.231691 -0.014647 0.950732  -0.031639 0.305134 
 -0.031639 0.305134  -0.249001 0.231691 -0.014647 0.950732 
 -0.176312 0.267989  -0.129775 0.286414 -0.176312 0.267989 
 -0.129775 0.286414 -0.176312 0.267989  -0.176312 0.267989 
 -0.129775 0.286414 -0.176312 0.267989  -0.249001 0.231691 -0.014647 0.950732 
 -0.249001 0.231691 -0.014647 0.950732  -0.129775 0.286414 -0.176312 0.267989 
 -0.249001 0.231691 -0.014647 0.950732  -0.176312 0.267989 
 -0.176312 0.267989  -0.249001 0.231691 -0.014647 0.950732 
 -0.081296 0.298861  -0.031639 0.305134 -0.081296 0.298861 
 -0.031639 0.305134 -0.081296 0.298861  -0.081296 0.298861 
 -0.031639 0.305134 -0.081296 0.298861  -0.249001 0.231691 -0.014647 0.950732 
 -0.249001 0.231691 -0.014647 0.950732  -0.031639 0.305134 -0.081296 0.298861 
 -0.249001 0.231691 -0.014647 0.950732  -0.081296 0.298861 
 -0.081296 0.298861  -0.249001 0.231691 -0.014647 0.950732 
 0.163085 0.267989  0.163085 0.267989 0.116548 0.286414 
 0.163085 0.267989 0.116548 0.286414  0.163085 0.267989 
 0.163085 0.267989 0.116548 0.286414  0.206945 0.243876 0.163085 0.267989 
 0.206945 0.243876 0.163085 0.267989  0.163085 0.267989 0.116548 0.286414 
 -0.129775 0.286414  -0.081296 0.298861 -0.129775 0.286414 
 -0.081296 0.298861 -0.129775 0.286414  -0.129775 0.286414 
 -0.081296 0.298861 -0.129775 0.286414  -0.249001 0.231691 -0.014647 0.950732 
 -0.249001 0.231691 -0.014647 0.950732  -0.081296 0.298861 -0.129775 0.286414 
 -0.249001 0.231691 -0.014647 0.950732  -0.129775 0.286414 
 -0.129775 0.286414  -0.249001 0.231691 -0.014647 0.950732 
 -0.392651 0.006479 -0.40203 -0.042686  -0.031639 0.305134 -0.081296 0.298861 
 -0.031639 0.305134 -0.081296 0.298861  -0.392651 0.006479 -0.40203 -0.042686 
 -0.031639 0.305134 -0.081296 0.298861  -0.220172 0.243876 -0.260665 0.214457 
 -0.220172 0.243876 -0.260665 0.214457  -0.031639 0.305134 -0.081296 0.298861 
 -0.377185 0.054081 -0.392651 0.006479  -0.355874 0.099369 -0.377185 0.054081 
 -0.355874 0.099369 -0.377185 0.054081  -0.377185 0.054081 -0.392651 0.006479 
 -0.355874 0.099369 -0.377185 0.054081  -0.377185 0.054081 
 -0.377185 0.054081  -0.355874 0.099369 -0.377185 0.054081 
 0.206945 0.243876 0.163085 0.267989  0.116548 0.286414 0.068069 0.298861 
 0.116548 0.286414 0.068069 0.298861  0.206945 0.243876 0.163085 0.267989 
 0.116548 0.286414 0.068069 0.298861  0.247437 0.214457 0.206945 0.243876 
 0.247437 0.214457 0.206945 0.243876  0.116548 0.286414 0.068069 0.298861 
 0.163085 0.267989 0.116548 0.286414  0.116548 0.286414 0.068069 0.298861 
 0.116548 0.286414 0.068069 0.298861  0.163085 0.267989 0.116548 0.286414 
 0.116548 0.286414  0.116548 0.286414 0.068069 0.298861 
 0.116548 0.286414 0.068069 0.298861  0.116548 0.286414 
 0.247437 0.214457 0.206945 0.243876  0.068069 0.298861 0.018412 0.305134 
 0.068069 0.298861 0.018412 0.305134  0.247437 0.214457 0.206945 0.243876 
 0.068069 0.298861 0.018412 0.305134  0.283923 0.180194 0.247437 0.214457 
 0.283923 0.180194 0.247437 0.214457  0.068069 0.298861 0.018412 0.305134 
 0.116548 0.286414 0.068069 0.298861  0.068069 0.298861 0.018412 0.305134 
 0.068069 0.298861 0.018412 0.305134  0.116548 0.286414 0.068069 0.298861 
 0.068069 0.298861  0.068069 0.298861 0.018412 0.305134 
 0.068069 0.298861 0.018412 0.305134  0.068069 0.298861 
 0.068069 0.298861 0.018412 0.305134  0.018412 0.305134 -0.031639 0.305134 
 0.018412 0.305134 -0.031639 0.305134  0.068069 0.298861 0.018412 0.305134 
 0.018412 0.305134  0.018412 0.305134 -0.031639 0.305134 
 0.018412 0.305134 -0.031639 0.305134  0.018412 0.305134 
 -0.014647 0.950732 0.225033 0.231691  0.018412 0.305134 -0.031639 0.305134 
 0.018412 0.305134 -0.031639 0.305134  -0.014647 0.950732 0.225033 0.231691 
 -0.031639 0.305134  -0.031639 0.305134 -0.081296 0.298861 
 -0.031639 0.305134 -0.081296 0.298861  -0.031639 0.305134 
 -0.031639 0.305134 -0.081296 0.298861  0.018412 0.305134 -0.031639 0.305134 
 0.018412 0.305134 -0.031639 0.305134  -0.031639 0.305134 -0.081296 0.298861 
 -0.081296 0.298861  -0.081296 0.298861 -0.129775 0.286414 
 -0.081296 0.298861 -0.129775 0.286414  -0.081296 0.298861 
 -0.081296 0.298861 -0.129775 0.286414  -0.031639 0.305134 -0.081296 0.298861 
 -0.031639 0.305134 -0.081296 0.298861  -0.081296 0.298861 -0.129775 0.286414 
 -0.329055 0.141629  -0.297151 0.180194 -0.329055 0.141629 
 -0.297151 0.180194 -0.329055 0.141629  -0.329055 0.141629 
 -0.297151 0.180194 -0.329055 0.141629  -1 0.231691 -0.249001 0.231691 
 -1 0.231691 -0.249001 0.231691  -0.297151 0.180194 -0.329055 0.141629 
 -1 0.231691 -0.249001 0.231691  -0.329055 0.141629 
 -0.329055 0.141629  -1 0.231691 -0.249001 0.231691 
 -0.129775 0.286414  -0.129775 0.286414 -0.176312 0.267989 
 -0.129775 0.286414 -0.176312 0.267989  -0.129775 0.286414 
 -0.129775 0.286414 -0.176312 0.267989  -0.081296 0.298861 -0.129775 0.286414 
 -0.081296 0.298861 -0.129775 0.286414  -0.129775 0.286414 -0.176312 0.267989 
 -0.355874 0.099369  -0.329055 0.141629 -0.355874 0.099369 
 -0.329055 0.141629 -0.355874 0.099369  -0.355874 0.099369 
 -0.329055 0.141629 -0.355874 0.099369  -1 0.231691 -0.249001 0.231691 
 -1 0.231691 -0.249001 0.231691  -0.329055 0.141629 -0.355874 0.099369 
 -1 0.231691 -0.249001 0.231691  -0.355874 0.099369 
 -0.355874 0.099369  -1 0.231691 -0.249001 0.231691 
 -0.355874 0.099369 -0.377185 0.054081  -1 0.231691 -0.249001 0.231691 
 -1 0.231691 -0.249001 0.231691  -0.355874 0.099369 -0.377185 0.054081 
 -0.081296 0.298861 -0.129775 0.286414  -0.176312 0.267989 -0.220172 0.243876 
 -0.176312 0.267989 -0.220172 0.243876  -0.081296 0.298861 -0.129775 0.286414 
 -0.176312 0.267989 -0.220172 0.243876  -0.031639 0.305134 -0.081296 0.298861 
 -0.031639 0.305134 -0.081296 0.298861  -0.176312 0.267989 -0.220172 0.243876 
 -0.129775 0.286414 -0.176312 0.267989  -0.176312 0.267989 -0.220172 0.243876 
 -0.176312 0.267989 -0.220172 0.243876  -0.129775 0.286414 -0.176312 0.267989 
 -0.176312 0.267989  -0.176312 0.267989 -0.220172 0.243876 
 -0.176312 0.267989 -0.220172 0.243876  -0.176312 0.267989 
 -0.297151 0.180194  -0.260665 0.214457 -0.297151 0.180194 
 -0.260665 0.214457 -0.297151 0.180194  -0.297151 0.180194 
 -1 0.231691 -0.249001 0.231691  -0.297151 0.180194 
 -0.297151 0.180194  -1 0.231691 -0.249001 0.231691 
 -0.392651 0.006479 -0.40203 -0.042686  0.018412 0.305134 -0.031639 0.305134 
 0.018412 0.305134 -0.031639 0.305134  -0.392651 0.006479 -0.40203 -0.042686 
 0.247437 -0.399733  0.247437 -0.399733 0.283923 -0.365471 
 0.247437 -0.399733 0.283923 -0.365471  0.247437 -0.399733 
 0.247437 -0.399733 0.283923 -0.365471  0.206945 -0.429153 0.247437 -0.399733 
 0.206945 -0.429153 0.247437 -0.399733  0.247437 -0.399733 0.283923 -0.365471 
 0.206945 -0.429153 0.247437 -0.399733  0.247437 -0.399733 
 0.247437 -0.399733  0.206945 -0.429153 0.247437 -0.399733 
 -0.377185 -0.239358  -0.392651 -0.191756 -0.377185 -0.239358 
 -0.392651 -0.191756 -0.377185 -0.239358  -0.377185 -0.239358 
 -0.624501 -0.950732 -0.38482 -0.218375  -0.377185 -0.239358 
 -0.377185 -0.239358  -0.624501 -0.950732 -0.38482 -0.218375 
 -0.176312 -0.453265 -0.129775 -0.471691  -0.220172 -0.429153 -0.176312 -0.453265 
 -0.220172 -0.429153 -0.176312 -0.453265  -0.176312 -0.453265 -0.129775 -0.471691 
 -0.220172 -0.429153 -0.176312 -0.453265  -0.176312 -0.453265 
 -0.176312 -0.453265  -0.220172 -0.429153 -0.176312 -0.453265 
 -0.40203 -0.142591 -0.392651 -0.191756  -0.220172 -0.429153 -0.176312 -0.453265 
 -0.220172 -0.429153 -0.176312 -0.453265  -0.40203 -0.142591 -0.392651 -0.191756 
 -0.220172 -0.429153 -0.176312 -0.453265  -0.392651 0.006479 -0.40203 -0.042686 
 -0.392651 0.006479 -0.40203 -0.042686  -0.220172 -0.429153 -0.176312 -0.453265 
 -0.392651 0.006479 -0.40203 -0.042686  -0.40203 -0.142591 -0.392651 -0.191756 
 -0.40203 -0.142591 -0.392651 -0.191756  -0.392651 0.006479 -0.40203 -0.042686 
 -0.260665 0.214457 -0.297151 0.180194  -0.297151 0.180194 -0.329055 0.141629 
 -0.297151 0.180194 -0.329055 0.141629  -0.260665 0.214457 -0.297151 0.180194 
 -0.297151 0.180194  -0.297151 0.180194 -0.329055 0.141629 
 -0.297151 0.180194 -0.329055 0.141629  -0.297151 0.180194 
 0.247437 -0.399733 0.283923 -0.365471  -0.220172 -0.429153 -0.176312 -0.453265 
 -0.220172 -0.429153 -0.176312 -0.453265  0.247437 -0.399733 0.283923 -0.365471 
 -0.220172 -0.429153 -0.176312 -0.453265  0.206945 -0.429153 0.247437 -0.399733 
 0.206945 -0.429153 0.247437 -0.399733  -0.220172 -0.429153 -0.176312 -0.453265 
 0.605859 -0.948069 -0.009321 -0.505992  0.018412 -0.490411 0.068069 -0.484138 
 0.018412 -0.490411 0.068069 -0.484138  0.605859 -0.948069 -0.009321 -0.505992 
 0.018412 -0.490411 0.068069 -0.484138  0.018412 -0.490411 
 0.018412 -0.490411  0.018412 -0.490411 0.068069 -0.484138 
 0.018412 -0.490411  0.605859 -0.948069 -0.009321 -0.505992 
 0.605859 -0.948069 -0.009321 -0.505992  0.018412 -0.490411 
 -0.329055 0.141629  -0.329055 0.141629 -0.355874 0.099369 
 -0.329055 0.141629 -0.355874 0.099369  -0.329055 0.141629 
 -0.329055 0.141629 -0.355874 0.099369  -0.297151 0.180194 -0.329055 0.141629 
 -0.297151 0.180194 -0.329055 0.141629  -0.329055 0.141629 -0.355874 0.099369 
 -0.405173 -0.092638  -0.40203 -0.042686 -0.405173 -0.092638 
 -0.40203 -0.042686 -0.405173 -0.092638  -0.405173 -0.092638 
 -0.40203 -0.042686 -0.405173 -0.092638  -0.38482 -0.218375 -1 0.231691 
 -0.38482 -0.218375 -1 0.231691  -0.40203 -0.042686 -0.405173 -0.092638 
 -0.38482 -0.218375 -1 0.231691  -0.405173 -0.092638 
 -0.405173 -0.092638  -0.38482 -0.218375 -1 0.231691 
 -0.40203 -0.042686 -0.405173 -0.092638  -0.40203 -0.042686 
 -0.40203 -0.042686  -0.40203 -0.042686 -0.405173 -0.092638 
 -0.40203 -0.042686  -0.38482 -0.218375 -1 0.231691 
 -0.38482 -0.218375 -1 0.231691  -0.40203 -0.042686 
 -0.40203 -0.042686 -0.405173 -0.092638  -0.392651 0.006479 -0.40203 -0.042686 
 -0.392651 0.006479 -0.40203 -0.042686  -0.40203 -0.042686 -0.405173 -0.092638 
 -0.392651 0.006479 -0.40203 -0.042686  -0.40203 -0.042686 
 -0.40203 -0.042686  -0.392651 0.006479 -0.40203 -0.042686 
 -0.355874 0.099369  -0.355874 0.099369 -0.377185 0.054081 
 -0.355874 0.099369 -0.377185 0.054081  -0.355874 0.099369 
 -0.355874 0.099369 -0.377185 0.054081  -0.329055 0.141629 -0.355874 0.099369 
 -0.329055 0.141629 -0.355874 0.099369  -0.355874 0.099369 -0.377185 0.054081 
 -0.392651 0.006479 -0.40203 -0.042686  -0.38482 -0.218375 -1 0.231691 
 -0.38482 -0.218375 -1 0.231691  -0.392651 0.006479 -0.40203 -0.042686 
 -0.392651 -0.191756 -0.377185 -0.239358  -0.40203 -0.142591 -0.392651 -0.191756 
 -0.40203 -0.142591 -0.392651 -0.191756  -0.392651 -0.191756 -0.377185 -0.239358 
 -0.40203 -0.142591 -0.392651 -0.191756  -0.392651 -0.191756 
 -0.392651 -0.191756  -0.40203 -0.142591 -0.392651 -0.191756 
 0.018412 -0.490411 0.068069 -0.484138  -0.031639 -0.490411 0.018412 -0.490411 
 -0.031639 -0.490411 0.018412 -0.490411  0.018412 -0.490411 0.068069 -0.484138 
 -0.031639 -0.490411 0.018412 -0.490411  0.018412 -0.490411 
 0.018412 -0.490411  -0.031639 -0.490411 0.018412 -0.490411 
 0.247437 -0.399733 0.283923 -0.365471  -0.392651 0.006479 -0.40203 -0.042686 
 -0.392651 0.006479 -0.40203 -0.042686  0.247437 -0.399733 0.283923 -0.365471 
 -0.40203 -0.142591 -0.392651 -0.191756  -0.38482 -0.218375 -1 0.231691 
 -0.38482 -0.218375 -1 0.231691  -0.40203 -0.142591 -0.392651 -0.191756 
 -0.40203 -0.142591  -0.405173 -0.092638 -0.40203 -0.142591 
 -0.405173 -0.092638 -0.40203 -0.142591  -0.40203 -0.142591 
 -0.405173 -0.092638 -0.40203 -0.142591  -0.38482 -0.218375 -1 0.231691 
 -0.38482 -0.218375 -1 0.231691  -0.405173 -0.092638 -0.40203 -0.142591 
 -0.38482 -0.218375 -1 0.231691  -0.40203 -0.142591 
 -0.40203 -0.142591  -0.38482 -0.218375 -1 0.231691 
 -0.297151 -0.365471  -0.329055 -0.326906 -0.297151 -0.365471 
 -0.329055 -0.326906 -0.297151 -0.365471  -0.297151 -0.365471 
 -0.329055 -0.326906 -0.297151 -0.365471  -0.624501 -0.950732 -0.38482 -0.218375 
 -0.624501 -0.950732 -0.38482 -0.218375  -0.329055 -0.326906 -0.297151 -0.365471 
 -0.624501 -0.950732 -0.38482 -0.218375  -0.297151 -0.365471 
 -0.297151 -0.365471  -0.624501 -0.950732 -0.38482 -0.218375 
 -0.329055 -0.326906  -0.355874 -0.284646 -0.329055 -0.326906 
 -0.355874 -0.284646 -0.329055 -0.326906  -0.329055 -0.326906 
 -0.355874 -0.284646 -0.329055 -0.326906  -0.624501 -0.950732 -0.38482 -0.218375 
 -0.624501 -0.950732 -0.38482 -0.218375  -0.355874 -0.284646 -0.329055 -0.326906 
 -0.624501 -0.950732 -0.38482 -0.218375  -0.329055 -0.326906 
 -0.329055 -0.326906  -0.624501 -0.950732 -0.38482 -0.218375 
 -0.329055 0.141629 -0.355874 0.099369  -0.377185 0.054081 -0.392651 0.006479 
 -0.377185 0.054081 -0.392651 0.006479  -0.329055 0.141629 -0.355874 0.099369 
 -0.392651 0.006479  -0.392651 0.006479 -0.40203 -0.042686 
 -0.392651 0.006479 -0.40203 -0.042686  -0.392651 0.006479 
 -0.031639 -0.490411 0.018412 -0.490411  -0.031639 -0.490411 
 -0.031639 -0.490411  -0.031639 -0.490411 0.018412 -0.490411 
 -0.031639 -0.490411  -0.009321 -0.505992 -0.624501 -0.950732 
 -0.009321 -0.505992 -0.624501 -0.950732  -0.031639 -0.490411 
 -0.40203 -0.042686 -0.405173 -0.092638  -0.405173 -0.092638 -0.40203 -0.142591 
 -0.405173 -0.092638 -0.40203 -0.142591  -0.40203 -0.042686 -0.405173 -0.092638 
 -0.405173 -0.092638 -0.40203 -0.142591  -0.392651 0.006479 -0.40203 -0.042686 
 -0.392651 0.006479 -0.40203 -0.042686  -0.405173 -0.092638 -0.40203 -0.142591 
 -0.405173 -0.092638  -0.405173 -0.092638 -0.40203 -0.142591 
 -0.405173 -0.092638 -0.40203 -0.142591  -0.405173 -0.092638 
 -0.031639 -0.490411 0.018412 -0.490411  -0.081296 -0.484138 -0.031639 -0.490411 
 -0.081296 -0.484138 -0.031639 -0.490411  -0.031639 -0.490411 0.018412 -0.490411 
 -0.081296 -0.484138 -0.031639 -0.490411  -0.031639 -0.490411 
 -0.031639 -0.490411  -0.081296 -0.484138 -0.031639 -0.490411 
 0.247437 -0.399733 0.283923 -0.365471  0.018412 0.305134 -0.031639 0.305134 
 0.018412 0.305134 -0.031639 0.305134  0.247437 -0.399733 0.283923 -0.365471 
 1 0.231691 0.368842 -0.226365  0.363957 -0.239358 0.379424 -0.191756 
 0.363957 -0.239358 0.379424 -0.191756  1 0.231691 0.368842 -0.226365 
 -0.405173 -0.092638 -0.40203 -0.142591  -0.40203 -0.142591 -0.392651 -0.191756 
 -0.40203 -0.142591 -0.392651 -0.191756  -0.405173 -0.092638 -0.40203 -0.142591 
 -0.40203 -0.142591  -0.40203 -0.142591 -0.392651 -0.191756 
 -0.40203 -0.142591 -0.392651 -0.191756  -0.40203 -0.142591 
 -0.355874 -0.284646  -0.377185 -0.239358 -0.355874 -0.284646 
 -0.377185 -0.239358 -0.355874 -0.284646  -0.355874 -0.284646 
 -0.377185 -0.239358 -0.355874 -0.284646  -0.624501 -0.950732 -0.38482 -0.218375 
 -0.624501 -0.950732 -0.38482 -0.218375  -0.377185 -0.239358 -0.355874 -0.284646 
 -0.624501 -0.950732 -0.38482 -0.218375  -0.355874 -0.284646 
 -0.355874 -0.284646  -0.624501 -0.950732 -0.38482 -0.218375 
 -0.260665 -0.399733  -0.297151 -0.365471 -0.260665 -0.399733 
 -0.297151 -0.365471 -0.260665 -0.399733  -0.260665 -0.399733 
 -0.297151 -0.365471 -0.260665 -0.399733  -0.624501 -0.950732 -0.38482 -0.218375 
 -0.624501 -0.950732 -0.38482 -0.218375  -0.297151 -0.365471 -0.260665 -0.399733 
 -0.624501 -0.950732 -0.38482 -0.218375  -0.260665 -0.399733 
 -0.260665 -0.399733  -0.624501 -0.950732 -0.38482 -0.218375 
 -0.220172 -0.429153 -0.176312 -0.453265  -0.009321 -0.505992 -0.624501 -0.950732 
 -0.009321 -0.505992 -0.624501 -0.950732  -0.220172 -0.429153 -0.176312 -0.453265 
 -0.377185 -0.239358  -0.377185 -0.239358 -0.355874 -0.284646 
 -0.377185 -0.239358 -0.355874 -0.284646  -0.377185 -0.239358 
 -0.377185 -0.239358 -0.355874 -0.284646  -0.392651 -0.191756 -0.377185 -0.239358 
 -0.392651 -0.191756 -0.377185 -0.239358  -0.377185 -0.239358 -0.355874 -0.284646 
 -0.220172 -0.429153  -0.260665 -0.399733 -0.220172 -0.429153 
 -0.260665 -0.399733 -0.220172 -0.429153  -0.220172 -0.429153 
 -0.260665 -0.399733 -0.220172 -0.429153  -0.009321 -0.505992 -0.624501 -0.950732 
 -0.009321 -0.505992 -0.624501 -0.950732  -0.260665 -0.399733 -0.220172 -0.429153 
 -0.009321 -0.505992 -0.624501 -0.950732  -0.220172 -0.429153 
 -0.220172 -0.429153  -0.009321 -0.505992 -0.624501 -0.950732 
 -0.081296 -0.484138 -0.031639 -0.490411  -0.009321 -0.505992 -0.624501 -0.950732 
 -0.009321 -0.505992 -0.624501 -0.950732  -0.081296 -0.484138 -0.031639 -0.490411 
 -0.129775 -0.471691  -0.176312 -0.453265 -0.129775 -0.471691 
 -0.176312 -0.453265 -0.129775 -0.471691  -0.129775 -0.471691 
 -0.009321 -0.505992 -0.624501 -0.950732  -0.129775 -0.471691 
 -0.129775 -0.471691  -0.009321 -0.505992 -0.624501 -0.950732 
 -0.377185 -0.239358 -0.355874 -0.284646  -0.355874 -0.284646 -0.329055 -0.326906 
 -0.355874 -0.284646 -0.329055 -0.326906  -0.377185 -0.239358 -0.355874 -0.284646 
 -0.355874 -0.284646 -0.329055 -0.326906  -0.392651 -0.191756 -0.377185 -0.239358 
 -0.392651 -0.191756 -0.377185 -0.239358  -0.355874 -0.284646 -0.329055 -0.326906 
 -0.355874 -0.284646  -0.355874 -0.284646 -0.329055 -0.326906 
 -0.355874 -0.284646 -0.329055 -0.326906  -0.355874 -0.284646 
 -0.081296 -0.484138  -0.129775 -0.471691 -0.081296 -0.484138 
 -0.129775 -0.471691 -0.081296 -0.484138  -0.081296 -0.484138 
 -0.129775 -0.471691 -0.081296 -0.484138  -0.009321 -0.505992 -0.624501 -0.950732 
 -0.009321 -0.505992 -0.624501 -0.950732  -0.129775 -0.471691 -0.081296 -0.484138 
 -0.009321 -0.505992 -0.624501 -0.950732  -0.081296 -0.484138 
 -0.081296 -0.484138  -0.009321 -0.505992 -0.624501 -0.950732 
 -0.329055 -0.326906  -0.329055 -0.326906 -0.297151 -0.365471 
 -0.329055 -0.326906 -0.297151 -0.365471  -0.329055 -0.326906 
 -0.329055 -0.326906 -0.297151 -0.365471  -0.355874 -0.284646 -0.329055 -0.326906 
 -0.355874 -0.284646 -0.329055 -0.326906  -0.329055 -0.326906 -0.297151 -0.365471 
 0.247437 -0.399733 0.283923 -0.365471  0.315827 0.141629 0.283923 0.180194 
 0.315827 0.141629 0.283923 0.180194  0.247437 -0.399733 0.283923 -0.365471 
 -0.392651 -0.191756 -0.377185 -0.239358  -0.297151 -0.365471 -0.260665 -0.399733 
 -0.297151 -0.365471 -0.260665 -0.399733  -0.392651 -0.191756 -0.377185 -0.239358 
 -0.297151 -0.365471 -0.260665 -0.399733  -0.40203 -0.142591 -0.392651 -0.191756 
 -0.40203 -0.142591 -0.392651 -0.191756  -0.297151 -0.365471 -0.260665 -0.399733 
 -0.355874 -0.284646 -0.329055 -0.326906  -0.297151 -0.365471 -0.260665 -0.399733 
 -0.297151 -0.365471 -0.260665 -0.399733  -0.355874 -0.284646 -0.329055 -0.326906 
 -0.329055 -0.326906 -0.297151 -0.365471  -0.297151 -0.365471 -0.260665 -0.399733 
 -0.297151 -0.365471 -0.260665 -0.399733  -0.329055 -0.326906 -0.297151 -0.365471 
 -0.297151 -0.365471  -0.297151 -0.365471 -0.260665 -0.399733 
 -0.297151 -0.365471 -0.260665 -0.399733  -0.297151 -0.365471 
 0.247437 -0.399733 0.283923 -0.365471  0.363957 0.054081 0.342646 0.099369 
 0.363957 0.054081 0.342646 0.099369  0.247437 -0.399733 0.283923 -0.365471 
 -0.297151 -0.365471 -0.260665 -0.399733  -0.260665 -0.399733 -0.220172 -0.429153 
 -0.260665 -0.399733 -0.220172 -0.429153  -0.297151 -0.365471 -0.260665 -0.399733 
 -0.260665 -0.399733 -0.220172 -0.429153  -0.40203 -0.142591 -0.392651 -0.191756 
 -0.40203 -0.142591 -0.392651 -0.191756  -0.260665 -0.399733 -0.220172 -0.429153 
 -0.260665 -0.399733  -0.260665 -0.399733 -0.220172 -0.429153 
 -0.260665 -0.399733 -0.220172 -0.429153  -0.260665 -0.399733 
 -0.624501 -0.950732 -0.38482 -0.218375  -0.260665 -0.399733 -0.220172 -0.429153 
 -0.260665 -0.399733 -0.220172 -0.429153  -0.624501 -0.950732 -0.38482 -0.218375 
 -0.260665 -0.399733 -0.220172 -0.429153  -0.220172 -0.429153 -0.176312 -0.453265 
 -0.220172 -0.429153 -0.176312 -0.453265  -0.260665 -0.399733 -0.220172 -0.429153 
 -0.220172 -0.429153  -0.220172 -0.429153 -0.176312 -0.453265 
 -0.220172 -0.429153 -0.176312 -0.453265  -0.220172 -0.429153 
 0.605859 -0.948069 -0.009321 -0.505992  0.206945 -0.429153 0.247437 -0.399733 
 0.206945 -0.429153 0.247437 -0.399733  0.605859 -0.948069 -0.009321 -0.505992 
 0.206945 -0.429153 0.247437 -0.399733  0.206945 -0.429153 
 0.206945 -0.429153  0.206945 -0.429153 0.247437 -0.399733 
 0.206945 -0.429153  0.605859 -0.948069 -0.009321 -0.505992 
 0.605859 -0.948069 -0.009321 -0.505992  0.206945 -0.429153 
 0.116548 -0.471691  0.068069 -0.484138 0.116548 -0.471691 
 0.068069 -0.484138 0.116548 -0.471691  0.116548 -0.471691 
 0.068069 -0.484138 0.116548 -0.471691  0.605859 -0.948069 -0.009321 -0.505992 
 0.605859 -0.948069 -0.009321 -0.505992  0.068069 -0.484138 0.116548 -0.471691 
 0.605859 -0.948069 -0.009321 -0.505992  0.116548 -0.471691 
 0.116548 -0.471691  0.605859 -0.948069 -0.009321 -0.505992 
 -0.129775 -0.471691  -0.129775 -0.471691 -0.081296 -0.484138 
 -0.129775 -0.471691 -0.081296 -0.484138  -0.129775 -0.471691 
 -0.129775 -0.471691 -0.081296 -0.484138  -0.176312 -0.453265 -0.129775 -0.471691 
 -0.176312 -0.453265 -0.129775 -0.471691  -0.129775 -0.471691 -0.081296 -0.484138 
 0.163085 -0.453265  0.116548 -0.471691 0.163085 -0.453265 
 0.116548 -0.471691 0.163085 -0.453265  0.163085 -0.453265 
 0.116548 -0.471691 0.163085 -0.453265  0.605859 -0.948069 -0.009321 -0.505992 
 0.605859 -0.948069 -0.009321 -0.505992  0.116548 -0.471691 0.163085 -0.453265 
 0.605859 -0.948069 -0.009321 -0.505992  0.163085 -0.453265 
 0.163085 -0.453265  0.605859 -0.948069 -0.009321 -0.505992 
 0.206945 -0.429153  0.163085 -0.453265 0.206945 -0.429153 
 0.163085 -0.453265 0.206945 -0.429153  0.206945 -0.429153 
 0.163085 -0.453265 0.206945 -0.429153  0.605859 -0.948069 -0.009321 -0.505992 
 0.605859 -0.948069 -0.009321 -0.505992  0.163085 -0.453265 0.206945 -0.429153 
 -0.176312 -0.453265 -0.129775 -0.471691  -0.081296 -0.484138 -0.031639 -0.490411 
 -0.081296 -0.484138 -0.031639 -0.490411  -0.176312 -0.453265 -0.129775 -0.471691 
 -0.081296 -0.484138 -0.031639 -0.490411  -0.220172 -0.429153 -0.176312 -0.453265 
 -0.220172 -0.429153 -0.176312 -0.453265  -0.081296 -0.484138 -0.031639 -0.490411 
 -0.129775 -0.471691 -0.081296 -0.484138  -0.081296 -0.484138 -0.031639 -0.490411 
 -0.081296 -0.484138 -0.031639 -0.490411  -0.129775 -0.471691 -0.081296 -0.484138 
 -0.081296 -0.484138  -0.081296 -0.484138 -0.031639 -0.490411 
 -0.081296 -0.484138 -0.031639 -0.490411  -0.081296 -0.484138 
 0.068069 -0.484138  0.018412 -0.490411 0.068069 -0.484138 
 0.018412 -0.490411 0.068069 -0.484138  0.068069 -0.484138 
 0.605859 -0.948069 -0.009321 -0.505992  0.068069 -0.484138 
 0.068069 -0.484138  0.605859 -0.948069 -0.009321 -0.505992 
 0.206945 -0.429153 0.247437 -0.399733  0.163085 -0.453265 0.206945 -0.429153 
 0.163085 -0.453265 0.206945 -0.429153  0.206945 -0.429153 0.247437 -0.399733 
 0.206945 -0.429153 0.247437 -0.399733  0.368842 -0.226365 0.605859 -0.948069 
 0.368842 -0.226365 0.605859 -0.948069  0.206945 -0.429153 0.247437 -0.399733 
 0.368842 -0.226365 0.605859 -0.948069  0.247437 -0.399733 
 0.247437 -0.399733  0.368842 -0.226365 0.605859 -0.948069 
 -0.031639 -0.490411 0.018412 -0.490411  -0.220172 -0.429153 -0.176312 -0.453265 
 -0.220172 -0.429153 -0.176312 -0.453265  -0.031639 -0.490411 0.018412 -0.490411 
 0.391945 -0.092638 0.388803 -0.042686  0.388803 -0.142591 0.391945 -0.092638 
 0.388803 -0.142591 0.391945 -0.092638  0.391945 -0.092638 0.388803 -0.042686 
 0.388803 -0.142591 0.391945 -0.092638  0.391945 -0.092638 
 0.391945 -0.092638  0.388803 -0.142591 0.391945 -0.092638 
 0.068069 -0.484138  0.068069 -0.484138 0.116548 -0.471691 
 0.068069 -0.484138 0.116548 -0.471691  0.068069 -0.484138 
 0.068069 -0.484138 0.116548 -0.471691  0.018412 -0.490411 0.068069 -0.484138 
 0.018412 -0.490411 0.068069 -0.484138  0.068069 -0.484138 0.116548 -0.471691 
 0.363957 -0.239358 0.379424 -0.191756  0.342646 -0.284646 0.363957 -0.239358 
 0.342646 -0.284646 0.363957 -0.239358  0.363957 -0.239358 0.379424 -0.191756 
 0.342646 -0.284646 0.363957 -0.239358  0.363957 -0.239358 
 0.363957 -0.239358  0.342646 -0.284646 0.363957 -0.239358 
 0.283923 -0.365471  0.247437 -0.399733 0.283923 -0.365471 
 0.247437 -0.399733 0.283923 -0.365471  0.283923 -0.365471 
 0.247437 -0.399733 0.283923 -0.365471  0.368842 -0.226365 0.605859 -0.948069 
 0.368842 -0.226365 0.605859 -0.948069  0.247437 -0.399733 0.283923 -0.365471 
 0.368842 -0.226365 0.605859 -0.948069  0.283923 -0.365471 
 0.283923 -0.365471  0.368842 -0.226365 0.605859 -0.948069 
 0.368842 -0.226365 0.605859 -0.948069  0.283923 -0.365471 0.315827 -0.326906 
 0.283923 -0.365471 0.315827 -0.326906  0.368842 -0.226365 0.605859 -0.948069 
 0.283923 -0.365471 0.315827 -0.326906  0.283923 -0.365471 
 0.283923 -0.365471  0.283923 -0.365471 0.315827 -0.326906 
 0.315827 -0.326906  0.283923 -0.365471 0.315827 -0.326906 
 0.283923 -0.365471 0.315827 -0.326906  0.315827 -0.326906 
 0.368842 -0.226365 0.605859 -0.948069  0.315827 -0.326906 
 0.315827 -0.326906  0.368842 -0.226365 0.605859 -0.948069 
 0.068069 -0.484138 0.116548 -0.471691  0.116548 -0.471691 0.163085 -0.453265 
 0.116548 -0.471691 0.163085 -0.453265  0.068069 -0.484138 0.116548 -0.471691 
 0.116548 -0.471691 0.163085 -0.453265  0.018412 -0.490411 0.068069 -0.484138 
 0.018412 -0.490411 0.068069 -0.484138  0.116548 -0.471691 0.163085 -0.453265 
 0.116548 -0.471691  0.116548 -0.471691 0.163085 -0.453265 
 0.116548 -0.471691 0.163085 -0.453265  0.116548 -0.471691 
 0.283923 -0.365471 0.315827 -0.326906  0.247437 -0.399733 0.283923 -0.365471 
 0.247437 -0.399733 0.283923 -0.365471  0.283923 -0.365471 0.315827 -0.326906 
 0.388803 -0.142591 0.391945 -0.092638  1 0.231691 0.368842 -0.226365 
 1 0.231691 0.368842 -0.226365  0.388803 -0.142591 0.391945 -0.092638 
 0.116548 -0.471691 0.163085 -0.453265  0.163085 -0.453265 0.206945 -0.429153 
 0.163085 -0.453265 0.206945 -0.429153  0.116548 -0.471691 0.163085 -0.453265 
 0.163085 -0.453265 0.206945 -0.429153  0.018412 -0.490411 0.068069 -0.484138 
 0.018412 -0.490411 0.068069 -0.484138  0.163085 -0.453265 0.206945 -0.429153 
 0.163085 -0.453265  0.163085 -0.453265 0.206945 -0.429153 
 0.163085 -0.453265 0.206945 -0.429153  0.163085 -0.453265 
 0.342646 -0.284646 0.363957 -0.239358  0.368842 -0.226365 0.605859 -0.948069 
 0.368842 -0.226365 0.605859 -0.948069  0.342646 -0.284646 0.363957 -0.239358 
 0.342646 -0.284646  0.315827 -0.326906 0.342646 -0.284646 
 0.315827 -0.326906 0.342646 -0.284646  0.342646 -0.284646 
 0.315827 -0.326906 0.342646 -0.284646  0.368842 -0.226365 0.605859 -0.948069 
 0.368842 -0.226365 0.605859 -0.948069  0.315827 -0.326906 0.342646 -0.284646 
 0.368842 -0.226365 0.605859 -0.948069  0.342646 -0.284646 
 0.342646 -0.284646  0.368842 -0.226365 0.605859 -0.948069 
 0.388803 -0.142591 0.391945 -0.092638  0.388803 -0.142591 
 0.388803 -0.142591  0.388803 -0.142591 0.391945 -0.092638 
 0.388803 -0.142591  1 0.231691 0.368842 -0.226365 
 1 0.231691 0.368842 -0.226365  0.388803 -0.142591 
 0.388803 -0.142591 0.391945 -0.092638  0.379424 -0.191756 0.388803 -0.142591 
 0.379424 -0.191756 0.388803 -0.142591  0.388803 -0.142591 0.391945 -0.092638 
 0.379424 -0.191756 0.388803 -0.142591  0.388803 -0.142591 
 0.388803 -0.142591  0.379424 -0.191756 0.388803 -0.142591 
 -0.031639 -0.490411 0.018412 -0.490411  0.206945 -0.429153 0.247437 -0.399733 
 0.206945 -0.429153 0.247437 -0.399733  -0.031639 -0.490411 0.018412 -0.490411 
 0.018412 -0.490411 0.068069 -0.484138  0.206945 -0.429153 0.247437 -0.399733 
 0.206945 -0.429153 0.247437 -0.399733  0.018412 -0.490411 0.068069 -0.484138 
 0.283923 -0.365471 0.315827 -0.326906  0.315827 -0.326906 0.342646 -0.284646 
 0.315827 -0.326906 0.342646 -0.284646  0.283923 -0.365471 0.315827 -0.326906 
 0.315827 -0.326906 0.342646 -0.284646  0.247437 -0.399733 0.283923 -0.365471 
 0.247437 -0.399733 0.283923 -0.365471  0.315827 -0.326906 0.342646 -0.284646 
 0.315827 -0.326906  0.315827 -0.326906 0.342646 -0.284646 
 0.315827 -0.326906 0.342646 -0.284646  0.315827 -0.326906 
 0.315827 -0.326906 0.342646 -0.284646  0.342646 -0.284646 0.363957 -0.239358 
 0.342646 -0.284646 0.363957 -0.239358  0.315827 -0.326906 0.342646 -0.284646 
 0.342646 -0.284646 0.363957 -0.239358  0.247437 -0.399733 0.283923 -0.365471 
 0.247437 -0.399733 0.283923 -0.365471  0.342646 -0.284646 0.363957 -0.239358 
 0.342646 -0.284646  0.342646 -0.284646 0.363957 -0.239358 
 0.342646 -0.284646 0.363957 -0.239358  0.342646 -0.284646 
 0.379424 -0.191756  0.363957 -0.239358 0.379424 -0.191756 
 0.363957 -0.239358 0.379424 -0.191756  0.379424 -0.191756 
 1 0.231691 0.368842 -0.226365  0.379424 -0.191756 
 0.379424 -0.191756  1 0.231691 0.368842 -0.226365 
 0.379424 -0.191756 0.388803 -0.142591  1 0.231691 0.368842 -0.226365 
 1 0.231691 0.368842 -0.226365  0.379424 -0.191756 0.388803 -0.142591 
 0.379424 -0.191756  0.379424 -0.191756 0.388803 -0.142591 
 0.379424 -0.191756 0.388803 -0.142591  0.379424 -0.191756 
 0.379424 -0.191756 0.388803 -0.142591  0.363957 -0.239358 0.379424 -0.191756 
 0.363957 -0.239358 0.379424 -0.191756  0.379424 -0.191756 0.388803 -0.142591 
 0.363957 0.054081 0.342646 0.099369  0.388803 -0.142591 0.391945 -0.092638 
 0.388803 -0.142591 0.391945 -0.092638  0.363957 0.054081 0.342646 0.099369 
 0.247437 -0.399733 0.283923 -0.365471  0.388803 -0.142591 0.391945 -0.092638 
 0.388803 -0.142591 0.391945 -0.092638  0.247437 -0.399733 0.283923 -0.365471 
 0.342646 -0.284646 0.363957 -0.239358  0.388803 -0.142591 0.391945 -0.092638 
 0.388803 -0.142591 0.391945 -0.092638  0.342646 -0.284646 0.363957 -0.239358 
 0.363957 -0.239358 0.379424 -0.191756  0.388803 -0.142591 0.391945 -0.092638 
 0.388803 -0.142591 0.391945 -0.092638  0.363957 -0.239358 0.379424 -0.191756 
