0.313091 -0.556421
0.437264 -0.354696
1.53963 -0.274611
0.367848 -0.271749
1.73106 -0.249933
1.125 0.220849
0.749124 0.819677
0.775451 0.855914
0.842745 0.833737
0.76994 0.857542
1.32877 -0.903471
2.75095 -0.0650874
0.322706 -0.621378
0.461211 0.366002
0.461212 0.366002
0.461212 0.366001
0.232433 0.852184
0.277611 -0.37137
1.05929 0.258827
0.960802 0.563802
1.07247 0.600086
1.07734 0.530717
1.07089 0.615603
5.28888 0.185429
1.24387 0.896779
0.206126 -0.655053
-1.32877 -0.916856
-1.6598 0.0406756
0.932072 0.624858
1.06151 0.685766
1.05832 0.704979
0.461212 0.366001
0.461213 0.366001
0.461213 0.366001
0.461213 0.366001
0.271762 -0.314781
0.123113 -0.414928
-0.505781 -0.0862581
0.494952 0.90266
0.494952 0.902262
0.461214 0.366004
0.495002 0.902659
0.461212 0.366005
0.461224 0.366007
0.981654 0.499627
1.07783 0.517974
1.07833 0.449375
-0.0632044 0.248389
-0.063679 0.247618
-0.0629481 0.247824
-0.265255 0.662147
-1.15047 0.916856
-1.6882 0.0436181
0.994298 0.433345
1.07807 0.438616
1.07429 0.370767
1.05196 0.737043
0.0472094 -0.0255813
0.069522 -0.001821
0.461195 0.36598
0.0451669 -0.0219691
-0.071872 0.433345
0.461205 0.366001
0.461206 0.366001
-0.059228 0.499627
0.803718 -0.0480162
0.803715 -0.048013
0.461232 0.36598
0.803718 -0.0480166
0.998535 0.366001
1.07347 0.361287
0.561897 0.893805
0.562994 0.898077
0.6304 0.889275
0.562444 0.898132
0.852904 0.733823
0.930819 0.798279
0.998031 0.766307
0.918502 0.803677
0.46122 0.366001
-0.0948445 0.294275
0.461214 0.366001
0.461215 0.366009
0.461219 0.366001
0.803715 0.780015
0.851248 0.830632
1.01513 0.757491
0.895915 0.681831
0.689993 0.852184
0.702608 0.875131
0.699371 0.875869
-0.071872 0.298657
-0.0966609 0.297097
0.461205 0.366001
0.627255 0.877024
0.632002 0.889014
0.461219 0.366005
0.461215 0.366002
0.427474 0.902262
0.427474 0.902943
0.427388 0.902941
0.461232 0.366022
0.173302 0.819677
0.151154 0.859965
0.218776 0.877026
0.145258 0.858277
0.222292 0.877797
0.289877 0.890396
0.461229 0.366019
0.461214 0.366001
0.360529 0.893805
0.359876 0.898978
0.359216 0.898918
0.295171 0.877024
0.291667 0.890672
0.689993 -0.120182
0.693326 -0.1286
0.634594 -0.163559
0.694284 -0.127988
-0.183363 0.454613
-0.216423 0.529614
-0.226201 0.55388
0.461207 0.366001
0.461213 0.366001
0.118711 0.780015
0.0775959 0.836606
0.0685797 0.833399
0.026511 0.681831
-0.0798575 0.769826
-0.012114 0.801357
-0.0978382 0.760747
0.069522 0.733823
0.000877429 0.806921
0.46121 0.36601
-0.009646 0.624858
-0.165628 0.723849
-0.189839 0.709648
0.360529 -0.161803
0.328584 -0.286221
0.34567 -0.279423
0.461197 0.366019
-0.038376 0.563802
-0.257677 0.666994
-0.255827 0.634457
0.461195 0.366021
-0.176337 0.439917
0.416456 -0.257477
-0.038376 0.1682
-0.0397096 0.167767
-0.0592983 0.232352
-0.039653 0.167599
0.461206 0.366005
-0.059228 0.232375
-0.0593007 0.232361
-0.135787 0.362246
-0.076109 0.366001
-0.140129 0.370029
-0.009646 0.107144
-0.015972 0.104167
-0.0156345 0.103344
0.461203 0.366007
0.461203 0.365995
0.118711 -0.048013
0.0835644 -0.08544
0.0873256 -0.091212
0.0131383 0.0391083
0.026511 0.050171
0.0121827 0.0410778
0.25563 -0.299023
0.295171 -0.145022
0.240444 -0.283244
0.232433 -0.120182
0.179996 -0.215565
0.134482 -0.15829
0.189998 -0.22736
0.173302 -0.087675
0.128161 -0.149808
0.461211 0.365993
0.461206 0.365997
0.461211 0.366
0.994298 0.298657
0.46122 0.366001
0.461219 0.366001
0.981654 0.232375
0.627255 -0.145022
0.632335 -0.164809
0.570778 -0.196394
0.750486 -0.0895493
0.749124 -0.087675
0.750249 -0.0897221
0.461197 0.365982
0.494952 -0.17026
0.494952 -0.229357
0.427474 -0.253867
0.50206 -0.226523
0.461212 0.366001
1.03748 0.221725
1.03357 0.215507
0.561897 -0.161803
0.566521 -0.19841
0.427474 -0.17026
0.461214 0.365999
1.06414 0.285333
0.461229 0.365983
0.854228 -0.00323055
0.461212 0.365998
0.852904 -0.001821
0.854405 -0.00306288
0.461215 0.365994
0.932072 0.107144
0.947905 0.0970959
0.90289 0.0457444
0.949445 0.0989691
0.461214 0.366001
0.461214 0.366001
0.994267 0.157326
0.960802 0.1682
0.991641 0.153689
0.895915 0.050171
0.902182 0.0449863
1.06548 0.294179
0.461215 0.366
0.461219 0.365997
0.461224 0.365995
edges
0 1 1 0
1 0 0 1
2 1 0 0
1 2 0 0
3 1 0 1
1 3 1 0
4 2 0 1
2 4 1 0
5 2 1 0
2 5 0 1
6 7 1 0
7 6 0 1
8 7 0 0
7 8 0 0
9 7 0 1
7 9 1 0
10 4 0 1
4 10 1 0
11 4 1 1
4 11 1 1
12 10 0 0
10 12 0 0
13 14 0 0
14 13 0 0
15 14 0 0
14 15 0 0
16 14 0 0
14 16 0 0
17 0 1 1
0 17 1 1
12 0 1 0
0 12 0 1
18 5 0 0
5 18 0 0
11 5 1 0
5 11 0 1
19 20 1 0
20 19 0 1
21 20 0 0
20 21 0 0
22 20 0 1
20 22 1 0
11 23 0 1
23 11 1 0
24 23 1 0
23 24 0 1
25 26 0 0
26 25 0 0
27 26 0 1
26 27 1 0
25 12 1 0
12 25 0 1
28 29 1 0
29 28 0 1
22 29 0 0
29 22 0 0
30 29 0 1
29 30 1 0
31 32 0 0
32 31 0 0
33 32 0 0
32 33 0 0
34 32 0 0
32 34 0 0
35 17 1 0
17 35 0 1
36 17 0 1
17 36 1 0
36 25 1 0
25 36 0 1
37 36 0 0
36 37 0 0
38 39 1 0
39 38 0 1
40 39 0 0
39 40 0 0
41 39 0 1
39 41 1 0
34 15 0 0
15 34 0 0
42 15 0 0
15 42 0 0
30 28 1 0
28 30 0 1
43 28 0 0
28 43 0 0
44 45 1 0
45 44 0 1
46 45 0 0
45 46 0 0
21 45 0 1
45 21 1 0
47 48 1 0
48 47 0 1
37 48 0 0
48 37 0 0
49 48 0 1
48 49 1 0
50 51 0 0
51 50 0 0
52 51 1 0
51 52 0 1
53 54 1 0
54 53 0 1
55 54 0 0
54 55 0 0
46 54 0 1
54 46 1 0
27 52 1 0
52 27 0 1
37 27 0 0
27 37 0 0
56 24 0 0
24 56 0 0
57 58 1 0
58 57 0 1
59 58 0 0
58 59 0 0
60 58 0 1
58 60 1 0
61 62 0 0
62 61 0 0
63 62 0 0
62 63 0 0
64 62 0 0
62 64 0 0
65 66 1 0
66 65 0 1
67 66 0 0
66 67 0 0
68 66 0 1
66 68 1 0
69 55 0 1
55 69 1 0
70 55 1 0
55 70 0 1
71 72 1 0
72 71 0 1
73 72 0 0
72 73 0 0
74 72 0 1
72 74 1 0
75 76 1 0
76 75 0 1
77 76 0 0
76 77 0 0
78 76 0 1
76 78 1 0
46 53 1 0
53 46 0 1
79 53 0 0
53 79 0 0
49 47 1 0
47 49 0 1
80 47 0 0
47 80 0 0
81 40 0 0
40 81 0 0
82 40 0 0
40 82 0 0
44 79 0 0
79 44 0 0
83 79 0 0
79 83 0 0
21 44 1 0
44 21 0 1
84 85 1 0
85 84 0 1
78 85 0 0
85 78 0 0
8 85 0 1
85 8 1 0
74 41 0 0
41 74 0 0
38 41 0 1
41 38 1 0
22 19 1 0
19 22 0 1
43 19 0 0
19 43 0 0
56 30 0 0
30 56 0 0
86 56 0 0
56 86 0 0
87 86 1 0
86 87 0 1
77 86 0 1
86 77 1 0
88 89 1 0
89 88 0 1
9 89 0 0
89 9 0 0
90 89 0 1
89 90 1 0
91 80 0 1
80 91 1 0
92 80 1 0
80 92 0 1
93 91 0 0
91 93 0 0
92 91 0 1
91 92 1 0
94 95 1 0
95 94 0 1
90 95 0 0
95 90 0 0
73 95 0 1
95 73 1 0
96 43 0 0
43 96 0 0
87 96 0 0
96 87 0 0
97 96 0 0
96 97 0 0
77 87 1 0
87 77 0 1
98 99 1 0
99 98 0 1
38 99 0 0
99 38 0 0
100 99 0 1
99 100 1 0
78 75 1 0
75 78 0 1
101 75 0 0
75 101 0 0
102 103 1 0
103 102 0 1
104 103 0 0
103 104 0 0
105 103 0 1
103 105 1 0
16 106 1 0
106 16 0 1
107 106 0 0
106 107 0 0
104 106 0 1
106 104 1 0
84 101 0 0
101 84 0 0
108 101 0 0
101 108 0 0
8 84 1 0
84 8 0 1
108 97 0 0
97 108 0 0
109 97 0 0
97 109 0 0
6 108 0 0
108 6 0 0
9 6 1 0
6 9 0 1
88 109 0 0
109 88 0 0
81 109 0 0
109 81 0 0
90 88 1 0
88 90 0 1
110 111 1 0
111 110 0 1
100 111 0 0
111 100 0 0
112 111 0 1
111 112 1 0
113 114 1 0
114 113 0 1
112 114 0 0
114 112 0 0
107 114 0 1
114 107 1 0
73 94 1 0
94 73 0 1
82 94 0 0
94 82 0 0
115 116 1 0
116 115 0 1
117 116 0 0
116 117 0 0
118 116 0 1
116 118 1 0
119 120 0 0
120 119 0 0
64 120 0 1
120 64 1 0
121 120 1 0
120 121 0 1
71 82 0 0
82 71 0 0
74 71 1 0
71 74 0 1
122 34 0 0
34 122 0 0
123 81 0 0
81 123 0 0
100 98 1 0
98 100 0 1
42 98 0 0
98 42 0 0
124 125 1 0
125 124 0 1
105 125 0 0
125 105 0 0
126 125 0 1
125 126 1 0
127 128 1 0
128 127 0 1
129 128 0 0
128 129 0 0
130 128 0 1
128 130 1 0
131 132 1 0
132 131 0 1
126 132 0 0
132 126 0 0
129 132 0 1
132 129 1 0
112 110 1 0
110 112 0 1
133 110 0 0
110 133 0 0
134 135 1 0
135 134 0 1
130 135 0 0
135 130 0 0
136 135 0 1
135 136 1 0
137 138 1 0
138 137 0 1
35 138 0 1
138 35 1 0
139 138 1 1
138 139 1 1
133 42 0 0
42 133 0 0
113 133 0 0
133 113 0 0
107 113 1 0
113 107 0 1
121 64 0 1
64 121 1 0
104 16 1 0
16 104 0 1
105 102 1 0
102 105 0 1
140 102 0 0
102 140 0 0
141 142 1 0
142 141 0 1
136 142 0 0
142 136 0 0
50 142 0 1
142 50 1 0
143 121 0 0
121 143 0 0
143 50 0 1
50 143 1 0
126 124 1 0
124 126 0 1
144 124 0 0
124 144 0 0
93 122 0 0
122 93 0 0
63 122 0 0
122 63 0 0
61 119 1 0
119 61 0 1
145 119 0 1
119 145 1 0
146 3 0 0
3 146 0 0
139 3 0 1
3 139 1 0
144 140 0 0
140 144 0 0
13 140 0 0
140 13 0 0
131 144 0 0
144 131 0 0
129 131 1 0
131 129 0 1
147 148 1 0
148 147 0 1
149 148 0 0
148 149 0 0
150 148 0 1
148 150 1 0
130 127 1 0
127 130 0 1
151 127 0 0
127 151 0 0
152 149 0 1
149 152 1 0
153 149 1 0
149 153 0 1
154 92 0 0
92 154 0 0
155 156 1 0
156 155 0 1
145 156 0 0
156 145 0 0
154 156 0 1
156 154 1 0
93 152 0 0
152 93 0 0
153 152 0 1
152 153 1 0
157 158 1 0
158 157 0 1
150 158 0 0
158 150 0 0
159 158 0 1
158 159 1 0
136 134 1 0
134 136 0 1
160 134 0 0
134 160 0 0
151 13 0 0
13 151 0 0
160 151 0 0
151 160 0 0
141 160 0 0
160 141 0 0
143 141 1 0
141 143 0 1
145 61 1 0
61 145 0 1
147 150 0 1
150 147 1 0
161 147 0 0
147 161 0 0
155 63 0 0
63 155 0 0
154 155 1 0
155 154 0 1
153 49 0 0
49 153 0 0
137 139 0 1
139 137 1 0
162 163 1 0
163 162 0 1
57 163 0 0
163 57 0 0
164 163 0 1
163 164 1 0
165 60 0 0
60 165 0 0
57 60 0 1
60 57 1 0
166 167 1 0
167 166 0 1
159 167 0 0
167 159 0 0
165 167 0 1
167 165 1 0
35 168 0 0
168 35 0 0
169 168 0 1
168 169 1 0
170 168 1 0
168 170 0 1
171 172 1 0
172 171 0 1
173 172 0 0
172 173 0 0
174 172 0 1
172 174 1 0
175 176 1 0
176 175 0 1
164 176 0 0
176 164 0 0
173 176 0 1
176 173 1 0
169 170 1 0
170 169 0 1
174 170 0 0
170 174 0 0
177 137 0 0
137 177 0 0
157 161 0 0
161 157 0 0
178 161 0 0
161 178 0 0
159 157 1 0
157 159 0 1
177 169 0 0
169 177 0 0
166 178 0 0
178 166 0 0
179 178 0 0
178 179 0 0
165 166 1 0
166 165 0 1
180 181 0 0
181 180 0 0
182 181 0 0
181 182 0 0
183 181 0 0
181 183 0 0
184 185 1 0
185 184 0 1
186 185 0 0
185 186 0 0
117 185 0 1
185 117 1 0
68 187 0 0
187 68 0 0
188 187 0 1
187 188 1 0
189 187 1 0
187 189 0 1
162 59 0 0
59 162 0 0
190 59 0 0
59 190 0 0
164 162 1 0
162 164 0 1
83 182 0 0
182 83 0 0
123 182 0 0
182 123 0 0
191 192 1 0
192 191 0 1
193 192 0 0
192 193 0 0
194 192 0 1
192 194 1 0
190 179 0 0
179 190 0 0
195 179 0 0
179 195 0 0
175 190 0 0
190 175 0 0
173 175 1 0
175 173 0 1
171 195 0 0
195 171 0 0
31 195 0 0
195 31 0 0
174 171 1 0
171 174 0 1
69 83 0 0
83 69 0 0
196 183 1 0
183 196 0 1
197 183 0 1
183 197 1 0
198 199 1 0
199 198 0 1
194 199 0 0
199 194 0 0
186 199 0 1
199 186 1 0
200 146 1 0
146 200 0 1
193 146 0 1
146 193 1 0
194 191 1 0
191 194 0 1
201 191 0 0
191 201 0 0
202 18 0 0
18 202 0 0
196 18 0 0
18 196 0 0
188 189 1 0
189 188 0 1
118 189 0 0
189 118 0 0
203 188 0 0
188 203 0 0
204 65 0 0
65 204 0 0
68 65 1 0
65 68 0 1
205 177 0 0
177 205 0 0
205 31 0 0
31 205 0 0
200 205 0 0
205 200 0 0
193 200 1 0
200 193 0 1
206 204 1 0
204 206 0 1
207 204 0 1
204 207 1 0
186 198 1 0
198 186 0 1
208 198 0 0
198 208 0 0
209 210 1 0
210 209 0 1
211 210 0 0
210 211 0 0
212 210 0 1
210 212 1 0
197 196 1 0
196 197 0 1
208 201 0 0
201 208 0 0
213 201 0 0
201 213 0 0
184 208 0 0
208 184 0 0
117 184 1 0
184 117 0 1
118 115 1 0
115 118 0 1
214 115 0 0
115 214 0 0
215 197 0 0
197 215 0 0
216 217 1 0
217 216 0 1
212 217 0 0
217 212 0 0
215 217 0 1
217 215 1 0
218 219 1 0
219 218 0 1
207 219 0 0
219 207 0 0
211 219 0 1
219 211 1 0
180 202 1 0
202 180 0 1
220 202 0 1
202 220 1 0
67 203 0 0
203 67 0 0
221 203 0 0
203 221 0 0
206 67 0 0
67 206 0 0
207 206 1 0
206 207 0 1
70 69 0 1
69 70 1 0
211 218 1 0
218 211 0 1
222 218 0 0
218 222 0 0
220 70 0 0
70 220 0 0
180 220 0 1
220 180 1 0
212 209 1 0
209 212 0 1
223 209 0 0
209 223 0 0
33 123 0 0
123 33 0 0
213 33 0 0
33 213 0 0
214 213 0 0
213 214 0 0
221 214 0 0
214 221 0 0
222 221 0 0
221 222 0 0
223 222 0 0
222 223 0 0
216 223 0 0
223 216 0 0
215 216 1 0
216 215 0 1
edgeattributes
 0.437264 -0.354696  0.437264 -0.354696 1.32877 -0.903471 
 0.437264 -0.354696 1.32877 -0.903471  0.437264 -0.354696 
 0.437264 -0.354696 1.32877 -0.903471  1.125 0.220849 0.437264 -0.354696 
 1.125 0.220849 0.437264 -0.354696  0.437264 -0.354696 1.32877 -0.903471 
 1.125 0.220849 0.437264 -0.354696  0.437264 -0.354696 
 0.437264 -0.354696  1.125 0.220849 0.437264 -0.354696 
 0.437264 -0.354696 1.32877 -0.903471  1.125 0.220849 
 1.125 0.220849  0.437264 -0.354696 1.32877 -0.903471 
 1.125 0.220849  1.125 0.220849 0.437264 -0.354696 
 1.125 0.220849 0.437264 -0.354696  1.125 0.220849 
 0.749124 0.819677  0.803715 0.780015 0.749124 0.819677 
 0.803715 0.780015 0.749124 0.819677  0.749124 0.819677 
 0.803715 0.780015 0.749124 0.819677  -1.15047 0.916856 1.24387 0.896779 
 -1.15047 0.916856 1.24387 0.896779  0.803715 0.780015 0.749124 0.819677 
 -1.15047 0.916856 1.24387 0.896779  0.749124 0.819677 
 0.749124 0.819677  -1.15047 0.916856 1.24387 0.896779 
 0.437264 -0.354696 1.32877 -0.903471  1.32877 -0.903471 
 1.32877 -0.903471  0.437264 -0.354696 1.32877 -0.903471 
 1.32877 -0.903471  1.125 0.220849 
 1.125 0.220849  1.32877 -0.903471 
 0.437264 -0.354696 1.32877 -0.903471  1.32877 -0.903471 -1.32877 -0.916856 
 1.32877 -0.903471 -1.32877 -0.916856  0.437264 -0.354696 1.32877 -0.903471 
 0.232433 0.852184 0.173302 0.819677  -0.038376 0.563802 -0.059228 0.499627 
 -0.038376 0.563802 -0.059228 0.499627  0.232433 0.852184 0.173302 0.819677 
 -0.038376 0.563802 -0.059228 0.499627  0.295171 0.877024 0.232433 0.852184 
 0.295171 0.877024 0.232433 0.852184  -0.038376 0.563802 -0.059228 0.499627 
 0.295171 0.877024 0.232433 0.852184  0.232433 0.852184 0.173302 0.819677 
 0.232433 0.852184 0.173302 0.819677  0.295171 0.877024 0.232433 0.852184 
 0.437264 -0.354696  0.123113 -0.414928 
 0.123113 -0.414928  0.437264 -0.354696 
 0.123113 -0.414928  0.437264 -0.354696 1.32877 -0.903471 
 0.437264 -0.354696 1.32877 -0.903471  0.123113 -0.414928 
 1.24387 0.896779 1.125 0.220849  1.125 0.220849 0.437264 -0.354696 
 1.125 0.220849 0.437264 -0.354696  1.24387 0.896779 1.125 0.220849 
 1.125 0.220849  1.24387 0.896779 1.125 0.220849 
 1.24387 0.896779 1.125 0.220849  1.125 0.220849 
 0.960802 0.563802  0.981654 0.499627 0.960802 0.563802 
 0.981654 0.499627 0.960802 0.563802  0.960802 0.563802 
 0.981654 0.499627 0.960802 0.563802  1.24387 0.896779 1.125 0.220849 
 1.24387 0.896779 1.125 0.220849  0.981654 0.499627 0.960802 0.563802 
 1.24387 0.896779 1.125 0.220849  0.960802 0.563802 
 0.960802 0.563802  1.24387 0.896779 1.125 0.220849 
 1.24387 0.896779 1.125 0.220849  1.32877 -0.903471 
 1.32877 -0.903471  1.24387 0.896779 1.125 0.220849 
 1.24387 0.896779  1.24387 0.896779 1.125 0.220849 
 1.24387 0.896779 1.125 0.220849  1.24387 0.896779 
 1.32877 -0.903471 -1.32877 -0.916856  -1.32877 -0.916856 0.123113 -0.414928 
 -1.32877 -0.916856 0.123113 -0.414928  1.32877 -0.903471 -1.32877 -0.916856 
 -1.32877 -0.916856 0.123113 -0.414928  -1.32877 -0.916856 
 -1.32877 -0.916856  -1.32877 -0.916856 0.123113 -0.414928 
 0.123113 -0.414928  1.32877 -0.903471 -1.32877 -0.916856 
 1.32877 -0.903471 -1.32877 -0.916856  0.123113 -0.414928 
 0.932072 0.624858  0.960802 0.563802 0.932072 0.624858 
 0.960802 0.563802 0.932072 0.624858  0.932072 0.624858 
 0.960802 0.563802 0.932072 0.624858  1.24387 0.896779 1.125 0.220849 
 1.24387 0.896779 1.125 0.220849  0.960802 0.563802 0.932072 0.624858 
 1.24387 0.896779 1.125 0.220849  0.932072 0.624858 
 0.932072 0.624858  1.24387 0.896779 1.125 0.220849 
 -0.059228 0.232375 -0.038376 0.1682  0.427474 -0.17026 0.494952 -0.17026 
 0.427474 -0.17026 0.494952 -0.17026  -0.059228 0.232375 -0.038376 0.1682 
 0.427474 -0.17026 0.494952 -0.17026  0.494952 0.902262 0.427474 0.902262 
 0.494952 0.902262 0.427474 0.902262  0.427474 -0.17026 0.494952 -0.17026 
 0.494952 0.902262 0.427474 0.902262  -0.059228 0.232375 -0.038376 0.1682 
 -0.059228 0.232375 -0.038376 0.1682  0.494952 0.902262 0.427474 0.902262 
 0.437264 -0.354696  0.123113 -0.414928 -0.063679 0.247618 
 0.123113 -0.414928 -0.063679 0.247618  0.437264 -0.354696 
 0.123113 -0.414928 -0.063679 0.247618  0.123113 -0.414928 
 0.123113 -0.414928  0.123113 -0.414928 -0.063679 0.247618 
 0.123113 -0.414928  -1.32877 -0.916856 0.123113 -0.414928 
 -1.32877 -0.916856 0.123113 -0.414928  0.123113 -0.414928 
 0.123113 -0.414928 -0.063679 0.247618  -1.32877 -0.916856 0.123113 -0.414928 
 -1.32877 -0.916856 0.123113 -0.414928  0.123113 -0.414928 -0.063679 0.247618 
 0.494952 0.902262  0.494952 0.902262 0.427474 0.902262 
 0.494952 0.902262 0.427474 0.902262  0.494952 0.902262 
 0.494952 0.902262 0.427474 0.902262  0.561897 0.893805 0.494952 0.902262 
 0.561897 0.893805 0.494952 0.902262  0.494952 0.902262 0.427474 0.902262 
 0.561897 0.893805 0.494952 0.902262  0.494952 0.902262 
 0.494952 0.902262  0.561897 0.893805 0.494952 0.902262 
 -0.038376 0.563802 -0.059228 0.499627  0.494952 0.902262 0.427474 0.902262 
 0.494952 0.902262 0.427474 0.902262  -0.038376 0.563802 -0.059228 0.499627 
 0.494952 0.902262 0.427474 0.902262  0.295171 0.877024 0.232433 0.852184 
 0.295171 0.877024 0.232433 0.852184  0.494952 0.902262 0.427474 0.902262 
 0.932072 0.624858  0.932072 0.624858 0.895915 0.681831 
 0.932072 0.624858 0.895915 0.681831  0.932072 0.624858 
 0.932072 0.624858 0.895915 0.681831  0.960802 0.563802 0.932072 0.624858 
 0.960802 0.563802 0.932072 0.624858  0.932072 0.624858 0.895915 0.681831 
 0.981654 0.499627  0.994298 0.433345 0.981654 0.499627 
 0.994298 0.433345 0.981654 0.499627  0.981654 0.499627 
 0.994298 0.433345 0.981654 0.499627  1.24387 0.896779 1.125 0.220849 
 1.24387 0.896779 1.125 0.220849  0.994298 0.433345 0.981654 0.499627 
 1.24387 0.896779 1.125 0.220849  0.981654 0.499627 
 0.981654 0.499627  1.24387 0.896779 1.125 0.220849 
 -0.063679 0.247618  -0.063679 0.247618 -1.15047 0.916856 
 -0.063679 0.247618 -1.15047 0.916856  -0.063679 0.247618 
 -0.063679 0.247618 -1.15047 0.916856  0.123113 -0.414928 -0.063679 0.247618 
 0.123113 -0.414928 -0.063679 0.247618  -0.063679 0.247618 -1.15047 0.916856 
 0.123113 -0.414928 -0.063679 0.247618  -0.063679 0.247618 
 -0.063679 0.247618  0.123113 -0.414928 -0.063679 0.247618 
 -0.063679 0.247618 -1.15047 0.916856  -1.15047 0.916856 1.24387 0.896779 
 -1.15047 0.916856 1.24387 0.896779  -0.063679 0.247618 -1.15047 0.916856 
 -1.15047 0.916856  -0.063679 0.247618 -1.15047 0.916856 
 -0.063679 0.247618 -1.15047 0.916856  -1.15047 0.916856 
 0.994298 0.433345  0.998535 0.366001 0.994298 0.433345 
 0.998535 0.366001 0.994298 0.433345  0.994298 0.433345 
 0.998535 0.366001 0.994298 0.433345  1.24387 0.896779 1.125 0.220849 
 1.24387 0.896779 1.125 0.220849  0.998535 0.366001 0.994298 0.433345 
 1.24387 0.896779 1.125 0.220849  0.994298 0.433345 
 0.994298 0.433345  1.24387 0.896779 1.125 0.220849 
 -1.32877 -0.916856  -0.063679 0.247618 -1.15047 0.916856 
 -0.063679 0.247618 -1.15047 0.916856  -1.32877 -0.916856 
 -1.32877 -0.916856 0.123113 -0.414928  -0.063679 0.247618 -1.15047 0.916856 
 -0.063679 0.247618 -1.15047 0.916856  -1.32877 -0.916856 0.123113 -0.414928 
 -1.15047 0.916856 1.24387 0.896779  1.24387 0.896779 1.125 0.220849 
 1.24387 0.896779 1.125 0.220849  -1.15047 0.916856 1.24387 0.896779 
 0.069522 -0.001821  0.069522 -0.001821 0.118711 -0.048013 
 0.069522 -0.001821 0.118711 -0.048013  0.069522 -0.001821 
 0.069522 -0.001821 0.118711 -0.048013  0.026511 0.050171 0.069522 -0.001821 
 0.026511 0.050171 0.069522 -0.001821  0.069522 -0.001821 0.118711 -0.048013 
 0.026511 0.050171 0.069522 -0.001821  0.069522 -0.001821 
 0.069522 -0.001821  0.026511 0.050171 0.069522 -0.001821 
 -0.059228 0.499627 -0.071872 0.433345  -0.071872 0.433345 -0.076109 0.366001 
 -0.071872 0.433345 -0.076109 0.366001  -0.059228 0.499627 -0.071872 0.433345 
 -0.071872 0.433345 -0.076109 0.366001  -0.038376 0.563802 -0.059228 0.499627 
 -0.038376 0.563802 -0.059228 0.499627  -0.071872 0.433345 -0.076109 0.366001 
 -0.038376 0.563802 -0.059228 0.499627  -0.059228 0.499627 -0.071872 0.433345 
 -0.059228 0.499627 -0.071872 0.433345  -0.038376 0.563802 -0.059228 0.499627 
 0.803715 -0.048013  0.803715 -0.048013 0.852904 -0.001821 
 0.803715 -0.048013 0.852904 -0.001821  0.803715 -0.048013 
 0.803715 -0.048013 0.852904 -0.001821  0.749124 -0.087675 0.803715 -0.048013 
 0.749124 -0.087675 0.803715 -0.048013  0.803715 -0.048013 0.852904 -0.001821 
 0.749124 -0.087675 0.803715 -0.048013  0.803715 -0.048013 
 0.803715 -0.048013  0.749124 -0.087675 0.803715 -0.048013 
 0.998535 0.366001 0.994298 0.433345  0.998535 0.366001 
 0.998535 0.366001  0.998535 0.366001 0.994298 0.433345 
 0.998535 0.366001  1.24387 0.896779 1.125 0.220849 
 1.24387 0.896779 1.125 0.220849  0.998535 0.366001 
 0.561897 0.893805  0.627255 0.877024 0.561897 0.893805 
 0.627255 0.877024 0.561897 0.893805  0.561897 0.893805 
 0.627255 0.877024 0.561897 0.893805  -1.15047 0.916856 1.24387 0.896779 
 -1.15047 0.916856 1.24387 0.896779  0.627255 0.877024 0.561897 0.893805 
 -1.15047 0.916856 1.24387 0.896779  0.561897 0.893805 
 0.561897 0.893805  -1.15047 0.916856 1.24387 0.896779 
 0.852904 0.733823  0.895915 0.681831 0.852904 0.733823 
 0.895915 0.681831 0.852904 0.733823  0.852904 0.733823 
 0.895915 0.681831 0.852904 0.733823  -1.15047 0.916856 1.24387 0.896779 
 -1.15047 0.916856 1.24387 0.896779  0.895915 0.681831 0.852904 0.733823 
 -1.15047 0.916856 1.24387 0.896779  0.852904 0.733823 
 0.852904 0.733823  -1.15047 0.916856 1.24387 0.896779 
 0.994298 0.433345  0.994298 0.433345 0.981654 0.499627 
 0.994298 0.433345 0.981654 0.499627  0.994298 0.433345 
 0.994298 0.433345 0.981654 0.499627  0.998535 0.366001 0.994298 0.433345 
 0.998535 0.366001 0.994298 0.433345  0.994298 0.433345 0.981654 0.499627 
 -0.063679 0.247618  -0.071872 0.298657 -0.059228 0.232375 
 -0.071872 0.298657 -0.059228 0.232375  -0.063679 0.247618 
 -0.071872 0.298657 -0.059228 0.232375  -0.063679 0.247618 -1.15047 0.916856 
 -0.063679 0.247618 -1.15047 0.916856  -0.071872 0.298657 -0.059228 0.232375 
 0.494952 0.902262 0.427474 0.902262  0.689993 0.852184 0.627255 0.877024 
 0.689993 0.852184 0.627255 0.877024  0.494952 0.902262 0.427474 0.902262 
 0.689993 0.852184 0.627255 0.877024  0.561897 0.893805 0.494952 0.902262 
 0.561897 0.893805 0.494952 0.902262  0.689993 0.852184 0.627255 0.877024 
 0.994298 0.433345 0.981654 0.499627  0.981654 0.499627 0.960802 0.563802 
 0.981654 0.499627 0.960802 0.563802  0.994298 0.433345 0.981654 0.499627 
 0.981654 0.499627 0.960802 0.563802  0.998535 0.366001 0.994298 0.433345 
 0.998535 0.366001 0.994298 0.433345  0.981654 0.499627 0.960802 0.563802 
 0.981654 0.499627  0.981654 0.499627 0.960802 0.563802 
 0.981654 0.499627 0.960802 0.563802  0.981654 0.499627 
 0.803715 0.780015  0.852904 0.733823 0.803715 0.780015 
 0.852904 0.733823 0.803715 0.780015  0.803715 0.780015 
 0.852904 0.733823 0.803715 0.780015  -1.15047 0.916856 1.24387 0.896779 
 -1.15047 0.916856 1.24387 0.896779  0.852904 0.733823 0.803715 0.780015 
 -1.15047 0.916856 1.24387 0.896779  0.803715 0.780015 
 0.803715 0.780015  -1.15047 0.916856 1.24387 0.896779 
 0.561897 0.893805 0.494952 0.902262  -1.15047 0.916856 1.24387 0.896779 
 -1.15047 0.916856 1.24387 0.896779  0.561897 0.893805 0.494952 0.902262 
 -1.15047 0.916856 1.24387 0.896779  0.494952 0.902262 
 0.494952 0.902262  -1.15047 0.916856 1.24387 0.896779 
 0.960802 0.563802  0.960802 0.563802 0.932072 0.624858 
 0.960802 0.563802 0.932072 0.624858  0.960802 0.563802 
 0.960802 0.563802 0.932072 0.624858  0.981654 0.499627 0.960802 0.563802 
 0.981654 0.499627 0.960802 0.563802  0.960802 0.563802 0.932072 0.624858 
 1.24387 0.896779 1.125 0.220849  0.932072 0.624858 0.895915 0.681831 
 0.932072 0.624858 0.895915 0.681831  1.24387 0.896779 1.125 0.220849 
 -1.15047 0.916856 1.24387 0.896779  0.932072 0.624858 0.895915 0.681831 
 0.932072 0.624858 0.895915 0.681831  -1.15047 0.916856 1.24387 0.896779 
 0.895915 0.681831  0.932072 0.624858 0.895915 0.681831 
 0.932072 0.624858 0.895915 0.681831  0.895915 0.681831 
 -1.15047 0.916856 1.24387 0.896779  0.895915 0.681831 
 0.895915 0.681831  -1.15047 0.916856 1.24387 0.896779 
 0.689993 0.852184  0.749124 0.819677 0.689993 0.852184 
 0.749124 0.819677 0.689993 0.852184  0.689993 0.852184 
 0.749124 0.819677 0.689993 0.852184  -1.15047 0.916856 1.24387 0.896779 
 -1.15047 0.916856 1.24387 0.896779  0.749124 0.819677 0.689993 0.852184 
 -1.15047 0.916856 1.24387 0.896779  0.689993 0.852184 
 0.689993 0.852184  -1.15047 0.916856 1.24387 0.896779 
 -0.071872 0.298657 -0.059228 0.232375  -0.071872 0.298657 
 -0.071872 0.298657  -0.071872 0.298657 -0.059228 0.232375 
 -0.071872 0.298657  -0.063679 0.247618 -1.15047 0.916856 
 -0.063679 0.247618 -1.15047 0.916856  -0.071872 0.298657 
 -0.071872 0.298657 -0.059228 0.232375  -0.076109 0.366001 -0.071872 0.298657 
 -0.076109 0.366001 -0.071872 0.298657  -0.071872 0.298657 -0.059228 0.232375 
 -0.076109 0.366001 -0.071872 0.298657  -0.071872 0.298657 
 -0.071872 0.298657  -0.076109 0.366001 -0.071872 0.298657 
 0.627255 0.877024  0.689993 0.852184 0.627255 0.877024 
 0.689993 0.852184 0.627255 0.877024  0.627255 0.877024 
 0.689993 0.852184 0.627255 0.877024  -1.15047 0.916856 1.24387 0.896779 
 -1.15047 0.916856 1.24387 0.896779  0.689993 0.852184 0.627255 0.877024 
 -1.15047 0.916856 1.24387 0.896779  0.627255 0.877024 
 0.627255 0.877024  -1.15047 0.916856 1.24387 0.896779 
 0.932072 0.624858 0.895915 0.681831  0.981654 0.499627 0.960802 0.563802 
 0.981654 0.499627 0.960802 0.563802  0.932072 0.624858 0.895915 0.681831 
 0.932072 0.624858 0.895915 0.681831  0.895915 0.681831 0.852904 0.733823 
 0.895915 0.681831 0.852904 0.733823  0.932072 0.624858 0.895915 0.681831 
 0.895915 0.681831 0.852904 0.733823  0.981654 0.499627 0.960802 0.563802 
 0.981654 0.499627 0.960802 0.563802  0.895915 0.681831 0.852904 0.733823 
 0.895915 0.681831  0.895915 0.681831 0.852904 0.733823 
 0.895915 0.681831 0.852904 0.733823  0.895915 0.681831 
 0.427474 0.902262  0.494952 0.902262 0.427474 0.902262 
 0.494952 0.902262 0.427474 0.902262  0.427474 0.902262 
 0.494952 0.902262 0.427474 0.902262  -1.15047 0.916856 1.24387 0.896779 
 -1.15047 0.916856 1.24387 0.896779  0.494952 0.902262 0.427474 0.902262 
 -1.15047 0.916856 1.24387 0.896779  0.427474 0.902262 
 0.427474 0.902262  -1.15047 0.916856 1.24387 0.896779 
 0.852904 0.733823  0.852904 0.733823 0.803715 0.780015 
 0.852904 0.733823 0.803715 0.780015  0.852904 0.733823 
 0.852904 0.733823 0.803715 0.780015  0.895915 0.681831 0.852904 0.733823 
 0.895915 0.681831 0.852904 0.733823  0.852904 0.733823 0.803715 0.780015 
 0.173302 0.819677  0.232433 0.852184 0.173302 0.819677 
 0.232433 0.852184 0.173302 0.819677  0.173302 0.819677 
 0.232433 0.852184 0.173302 0.819677  -1.15047 0.916856 1.24387 0.896779 
 -1.15047 0.916856 1.24387 0.896779  0.232433 0.852184 0.173302 0.819677 
 -1.15047 0.916856 1.24387 0.896779  0.173302 0.819677 
 0.173302 0.819677  -1.15047 0.916856 1.24387 0.896779 
 0.232433 0.852184  0.295171 0.877024 0.232433 0.852184 
 0.295171 0.877024 0.232433 0.852184  0.232433 0.852184 
 0.295171 0.877024 0.232433 0.852184  -1.15047 0.916856 1.24387 0.896779 
 -1.15047 0.916856 1.24387 0.896779  0.295171 0.877024 0.232433 0.852184 
 -1.15047 0.916856 1.24387 0.896779  0.232433 0.852184 
 0.232433 0.852184  -1.15047 0.916856 1.24387 0.896779 
 0.852904 0.733823 0.803715 0.780015  0.803715 0.780015 0.749124 0.819677 
 0.803715 0.780015 0.749124 0.819677  0.852904 0.733823 0.803715 0.780015 
 0.803715 0.780015 0.749124 0.819677  0.895915 0.681831 0.852904 0.733823 
 0.895915 0.681831 0.852904 0.733823  0.803715 0.780015 0.749124 0.819677 
 0.803715 0.780015  0.803715 0.780015 0.749124 0.819677 
 0.803715 0.780015 0.749124 0.819677  0.803715 0.780015 
 0.895915 0.681831 0.852904 0.733823  0.749124 0.819677 0.689993 0.852184 
 0.749124 0.819677 0.689993 0.852184  0.895915 0.681831 0.852904 0.733823 
 0.749124 0.819677 0.689993 0.852184  0.981654 0.499627 0.960802 0.563802 
 0.981654 0.499627 0.960802 0.563802  0.749124 0.819677 0.689993 0.852184 
 0.803715 0.780015 0.749124 0.819677  0.749124 0.819677 0.689993 0.852184 
 0.749124 0.819677 0.689993 0.852184  0.803715 0.780015 0.749124 0.819677 
 0.749124 0.819677  0.749124 0.819677 0.689993 0.852184 
 0.749124 0.819677 0.689993 0.852184  0.749124 0.819677 
 0.749124 0.819677 0.689993 0.852184  0.689993 0.852184 0.627255 0.877024 
 0.689993 0.852184 0.627255 0.877024  0.749124 0.819677 0.689993 0.852184 
 0.689993 0.852184 0.627255 0.877024  0.981654 0.499627 0.960802 0.563802 
 0.981654 0.499627 0.960802 0.563802  0.689993 0.852184 0.627255 0.877024 
 0.689993 0.852184  0.689993 0.852184 0.627255 0.877024 
 0.689993 0.852184 0.627255 0.877024  0.689993 0.852184 
 0.360529 0.893805  0.427474 0.902262 0.360529 0.893805 
 0.427474 0.902262 0.360529 0.893805  0.360529 0.893805 
 0.427474 0.902262 0.360529 0.893805  -1.15047 0.916856 1.24387 0.896779 
 -1.15047 0.916856 1.24387 0.896779  0.427474 0.902262 0.360529 0.893805 
 -1.15047 0.916856 1.24387 0.896779  0.360529 0.893805 
 0.360529 0.893805  -1.15047 0.916856 1.24387 0.896779 
 0.295171 0.877024  0.360529 0.893805 0.295171 0.877024 
 0.360529 0.893805 0.295171 0.877024  0.295171 0.877024 
 0.360529 0.893805 0.295171 0.877024  -1.15047 0.916856 1.24387 0.896779 
 -1.15047 0.916856 1.24387 0.896779  0.360529 0.893805 0.295171 0.877024 
 -1.15047 0.916856 1.24387 0.896779  0.295171 0.877024 
 0.295171 0.877024  -1.15047 0.916856 1.24387 0.896779 
 0.627255 0.877024  0.627255 0.877024 0.561897 0.893805 
 0.627255 0.877024 0.561897 0.893805  0.627255 0.877024 
 0.627255 0.877024 0.561897 0.893805  0.689993 0.852184 0.627255 0.877024 
 0.689993 0.852184 0.627255 0.877024  0.627255 0.877024 0.561897 0.893805 
 0.689993 -0.120182  0.627255 -0.145022 0.689993 -0.120182 
 0.627255 -0.145022 0.689993 -0.120182  0.689993 -0.120182 
 0.627255 -0.145022 0.689993 -0.120182  1.125 0.220849 0.437264 -0.354696 
 1.125 0.220849 0.437264 -0.354696  0.627255 -0.145022 0.689993 -0.120182 
 1.125 0.220849 0.437264 -0.354696  0.689993 -0.120182 
 0.689993 -0.120182  1.125 0.220849 0.437264 -0.354696 
 -0.063679 0.247618 -1.15047 0.916856  -0.059228 0.499627 -0.071872 0.433345 
 -0.059228 0.499627 -0.071872 0.433345  -0.063679 0.247618 -1.15047 0.916856 
 -0.059228 0.499627 -0.071872 0.433345  -0.059228 0.499627 
 -0.059228 0.499627  -0.059228 0.499627 -0.071872 0.433345 
 -0.059228 0.499627  -0.063679 0.247618 -1.15047 0.916856 
 -0.063679 0.247618 -1.15047 0.916856  -0.059228 0.499627 
 0.627255 0.877024 0.561897 0.893805  0.561897 0.893805 0.494952 0.902262 
 0.561897 0.893805 0.494952 0.902262  0.627255 0.877024 0.561897 0.893805 
 0.561897 0.893805  0.561897 0.893805 0.494952 0.902262 
 0.561897 0.893805 0.494952 0.902262  0.561897 0.893805 
 -0.038376 0.563802 -0.059228 0.499627  -0.059228 0.232375 -0.038376 0.1682 
 -0.059228 0.232375 -0.038376 0.1682  -0.038376 0.563802 -0.059228 0.499627 
 0.494952 0.902262 0.427474 0.902262  0.981654 0.499627 0.960802 0.563802 
 0.981654 0.499627 0.960802 0.563802  0.494952 0.902262 0.427474 0.902262 
 0.427474 0.902262  0.427474 0.902262 0.360529 0.893805 
 0.427474 0.902262 0.360529 0.893805  0.427474 0.902262 
 0.427474 0.902262 0.360529 0.893805  0.494952 0.902262 0.427474 0.902262 
 0.494952 0.902262 0.427474 0.902262  0.427474 0.902262 0.360529 0.893805 
 0.118711 0.780015  0.173302 0.819677 0.118711 0.780015 
 0.173302 0.819677 0.118711 0.780015  0.118711 0.780015 
 0.173302 0.819677 0.118711 0.780015  -1.15047 0.916856 1.24387 0.896779 
 -1.15047 0.916856 1.24387 0.896779  0.173302 0.819677 0.118711 0.780015 
 -1.15047 0.916856 1.24387 0.896779  0.118711 0.780015 
 0.118711 0.780015  -1.15047 0.916856 1.24387 0.896779 
 0.026511 0.681831  0.069522 0.733823 0.026511 0.681831 
 0.069522 0.733823 0.026511 0.681831  0.026511 0.681831 
 0.069522 0.733823 0.026511 0.681831  -1.15047 0.916856 1.24387 0.896779 
 -1.15047 0.916856 1.24387 0.896779  0.069522 0.733823 0.026511 0.681831 
 -1.15047 0.916856 1.24387 0.896779  0.026511 0.681831 
 0.026511 0.681831  -1.15047 0.916856 1.24387 0.896779 
 0.069522 0.733823  0.118711 0.780015 0.069522 0.733823 
 0.118711 0.780015 0.069522 0.733823  0.069522 0.733823 
 0.118711 0.780015 0.069522 0.733823  -1.15047 0.916856 1.24387 0.896779 
 -1.15047 0.916856 1.24387 0.896779  0.118711 0.780015 0.069522 0.733823 
 -1.15047 0.916856 1.24387 0.896779  0.069522 0.733823 
 0.069522 0.733823  -1.15047 0.916856 1.24387 0.896779 
 0.360529 0.893805  0.360529 0.893805 0.295171 0.877024 
 0.360529 0.893805 0.295171 0.877024  0.360529 0.893805 
 0.360529 0.893805 0.295171 0.877024  0.427474 0.902262 0.360529 0.893805 
 0.427474 0.902262 0.360529 0.893805  0.360529 0.893805 0.295171 0.877024 
 -0.009646 0.624858  0.026511 0.681831 -0.009646 0.624858 
 0.026511 0.681831 -0.009646 0.624858  -0.009646 0.624858 
 0.026511 0.681831 -0.009646 0.624858  -1.15047 0.916856 1.24387 0.896779 
 -1.15047 0.916856 1.24387 0.896779  0.026511 0.681831 -0.009646 0.624858 
 -1.15047 0.916856 1.24387 0.896779  -0.009646 0.624858 
 -0.009646 0.624858  -1.15047 0.916856 1.24387 0.896779 
 0.360529 -0.161803  0.295171 -0.145022 0.360529 -0.161803 
 0.295171 -0.145022 0.360529 -0.161803  0.360529 -0.161803 
 0.295171 -0.145022 0.360529 -0.161803  0.437264 -0.354696 
 0.437264 -0.354696  0.295171 -0.145022 0.360529 -0.161803 
 0.437264 -0.354696  0.360529 -0.161803 
 0.360529 -0.161803  0.437264 -0.354696 
 0.427474 0.902262 0.360529 0.893805  0.295171 0.877024 0.232433 0.852184 
 0.295171 0.877024 0.232433 0.852184  0.427474 0.902262 0.360529 0.893805 
 0.360529 0.893805 0.295171 0.877024  0.295171 0.877024 0.232433 0.852184 
 0.295171 0.877024 0.232433 0.852184  0.360529 0.893805 0.295171 0.877024 
 0.295171 0.877024  0.295171 0.877024 0.232433 0.852184 
 0.295171 0.877024 0.232433 0.852184  0.295171 0.877024 
 -0.038376 0.563802 -0.059228 0.499627  -0.059228 0.499627 
 -0.059228 0.499627  -0.038376 0.563802 -0.059228 0.499627 
 0.232433 0.852184  0.232433 0.852184 0.173302 0.819677 
 0.232433 0.852184 0.173302 0.819677  0.232433 0.852184 
 0.173302 0.819677  0.173302 0.819677 0.118711 0.780015 
 0.173302 0.819677 0.118711 0.780015  0.173302 0.819677 
 0.173302 0.819677 0.118711 0.780015  0.232433 0.852184 0.173302 0.819677 
 0.232433 0.852184 0.173302 0.819677  0.173302 0.819677 0.118711 0.780015 
 -0.038376 0.563802  -0.009646 0.624858 -0.038376 0.563802 
 -0.009646 0.624858 -0.038376 0.563802  -0.038376 0.563802 
 -0.009646 0.624858 -0.038376 0.563802  -1.15047 0.916856 1.24387 0.896779 
 -1.15047 0.916856 1.24387 0.896779  -0.009646 0.624858 -0.038376 0.563802 
 -1.15047 0.916856 1.24387 0.896779  -0.038376 0.563802 
 -0.038376 0.563802  -1.15047 0.916856 1.24387 0.896779 
 -0.038376 0.563802 -0.059228 0.499627  -0.063679 0.247618 -1.15047 0.916856 
 -0.063679 0.247618 -1.15047 0.916856  -0.038376 0.563802 -0.059228 0.499627 
 -0.063679 0.247618 -1.15047 0.916856  -0.038376 0.563802 
 -0.038376 0.563802  -0.063679 0.247618 -1.15047 0.916856 
 0.118711 0.780015  0.118711 0.780015 0.069522 0.733823 
 0.118711 0.780015 0.069522 0.733823  0.118711 0.780015 
 0.118711 0.780015 0.069522 0.733823  0.173302 0.819677 0.118711 0.780015 
 0.173302 0.819677 0.118711 0.780015  0.118711 0.780015 0.069522 0.733823 
 -0.076109 0.366001 -0.071872 0.298657  -0.059228 0.232375 -0.038376 0.1682 
 -0.059228 0.232375 -0.038376 0.1682  -0.076109 0.366001 -0.071872 0.298657 
 -0.038376 0.563802 -0.059228 0.499627  -0.076109 0.366001 -0.071872 0.298657 
 -0.076109 0.366001 -0.071872 0.298657  -0.038376 0.563802 -0.059228 0.499627 
 -0.071872 0.433345  -0.059228 0.499627 -0.071872 0.433345 
 -0.059228 0.499627 -0.071872 0.433345  -0.071872 0.433345 
 -0.063679 0.247618 -1.15047 0.916856  -0.071872 0.433345 
 -0.071872 0.433345  -0.063679 0.247618 -1.15047 0.916856 
 1.125 0.220849 0.437264 -0.354696  0.360529 -0.161803 0.427474 -0.17026 
 0.360529 -0.161803 0.427474 -0.17026  1.125 0.220849 0.437264 -0.354696 
 0.360529 -0.161803 0.427474 -0.17026  0.437264 -0.354696 
 0.437264 -0.354696  0.360529 -0.161803 0.427474 -0.17026 
 0.173302 0.819677 0.118711 0.780015  0.069522 0.733823 0.026511 0.681831 
 0.069522 0.733823 0.026511 0.681831  0.173302 0.819677 0.118711 0.780015 
 0.069522 0.733823 0.026511 0.681831  0.232433 0.852184 0.173302 0.819677 
 0.232433 0.852184 0.173302 0.819677  0.069522 0.733823 0.026511 0.681831 
 0.118711 0.780015 0.069522 0.733823  0.069522 0.733823 0.026511 0.681831 
 0.069522 0.733823 0.026511 0.681831  0.118711 0.780015 0.069522 0.733823 
 0.069522 0.733823  0.069522 0.733823 0.026511 0.681831 
 0.069522 0.733823 0.026511 0.681831  0.069522 0.733823 
 -0.038376 0.1682  -0.059228 0.232375 -0.038376 0.1682 
 -0.059228 0.232375 -0.038376 0.1682  -0.038376 0.1682 
 -0.059228 0.232375 -0.038376 0.1682  0.123113 -0.414928 -0.063679 0.247618 
 0.123113 -0.414928 -0.063679 0.247618  -0.059228 0.232375 -0.038376 0.1682 
 0.123113 -0.414928 -0.063679 0.247618  -0.038376 0.1682 
 -0.038376 0.1682  0.123113 -0.414928 -0.063679 0.247618 
 0.026511 0.681831  0.026511 0.681831 -0.009646 0.624858 
 0.026511 0.681831 -0.009646 0.624858  0.026511 0.681831 
 0.026511 0.681831 -0.009646 0.624858  0.069522 0.733823 0.026511 0.681831 
 0.069522 0.733823 0.026511 0.681831  0.026511 0.681831 -0.009646 0.624858 
 -0.059228 0.232375 -0.038376 0.1682  -0.059228 0.232375 
 -0.059228 0.232375  -0.059228 0.232375 -0.038376 0.1682 
 -0.059228 0.232375  0.123113 -0.414928 -0.063679 0.247618 
 0.123113 -0.414928 -0.063679 0.247618  -0.059228 0.232375 
 -0.076109 0.366001 -0.071872 0.298657  -0.063679 0.247618 -1.15047 0.916856 
 -0.063679 0.247618 -1.15047 0.916856  -0.076109 0.366001 -0.071872 0.298657 
 -0.076109 0.366001  -0.071872 0.433345 -0.076109 0.366001 
 -0.071872 0.433345 -0.076109 0.366001  -0.076109 0.366001 
 -0.071872 0.433345 -0.076109 0.366001  -0.063679 0.247618 -1.15047 0.916856 
 -0.063679 0.247618 -1.15047 0.916856  -0.071872 0.433345 -0.076109 0.366001 
 -0.063679 0.247618 -1.15047 0.916856  -0.076109 0.366001 
 -0.076109 0.366001  -0.063679 0.247618 -1.15047 0.916856 
 -0.059228 0.232375 -0.038376 0.1682  -0.071872 0.298657 -0.059228 0.232375 
 -0.071872 0.298657 -0.059228 0.232375  -0.059228 0.232375 -0.038376 0.1682 
 -0.071872 0.298657 -0.059228 0.232375  -0.059228 0.232375 
 -0.059228 0.232375  -0.071872 0.298657 -0.059228 0.232375 
 -0.009646 0.107144  -0.038376 0.1682 -0.009646 0.107144 
 -0.038376 0.1682 -0.009646 0.107144  -0.009646 0.107144 
 -0.038376 0.1682 -0.009646 0.107144  0.123113 -0.414928 -0.063679 0.247618 
 0.123113 -0.414928 -0.063679 0.247618  -0.038376 0.1682 -0.009646 0.107144 
 0.123113 -0.414928 -0.063679 0.247618  -0.009646 0.107144 
 -0.009646 0.107144  0.123113 -0.414928 -0.063679 0.247618 
 -0.009646 0.624858  -0.009646 0.624858 -0.038376 0.563802 
 -0.009646 0.624858 -0.038376 0.563802  -0.009646 0.624858 
 -0.009646 0.624858 -0.038376 0.563802  0.026511 0.681831 -0.009646 0.624858 
 0.026511 0.681831 -0.009646 0.624858  -0.009646 0.624858 -0.038376 0.563802 
 0.069522 0.733823 0.026511 0.681831  -0.038376 0.563802 -0.059228 0.499627 
 -0.038376 0.563802 -0.059228 0.499627  0.069522 0.733823 0.026511 0.681831 
 0.026511 0.681831 -0.009646 0.624858  -0.038376 0.563802 -0.059228 0.499627 
 -0.038376 0.563802 -0.059228 0.499627  0.026511 0.681831 -0.009646 0.624858 
 -0.009646 0.624858 -0.038376 0.563802  -0.038376 0.563802 -0.059228 0.499627 
 -0.038376 0.563802 -0.059228 0.499627  -0.009646 0.624858 -0.038376 0.563802 
 -0.038376 0.563802  -0.038376 0.563802 -0.059228 0.499627 
 -0.038376 0.563802 -0.059228 0.499627  -0.038376 0.563802 
 -0.071872 0.433345  -0.071872 0.433345 -0.076109 0.366001 
 -0.071872 0.433345 -0.076109 0.366001  -0.071872 0.433345 
 -0.038376 0.1682 -0.009646 0.107144  -0.038376 0.1682 
 -0.038376 0.1682  -0.038376 0.1682 -0.009646 0.107144 
 -0.038376 0.1682 -0.009646 0.107144  -0.059228 0.232375 -0.038376 0.1682 
 -0.059228 0.232375 -0.038376 0.1682  -0.038376 0.1682 -0.009646 0.107144 
 -0.071872 0.433345 -0.076109 0.366001  -0.076109 0.366001 -0.071872 0.298657 
 -0.076109 0.366001 -0.071872 0.298657  -0.071872 0.433345 -0.076109 0.366001 
 -0.076109 0.366001  -0.076109 0.366001 -0.071872 0.298657 
 -0.076109 0.366001 -0.071872 0.298657  -0.076109 0.366001 
 0.123113 -0.414928 -0.063679 0.247618  -0.071872 0.298657 -0.059228 0.232375 
 -0.071872 0.298657 -0.059228 0.232375  0.123113 -0.414928 -0.063679 0.247618 
 0.360529 -0.161803 0.427474 -0.17026  0.360529 -0.161803 
 0.360529 -0.161803  0.360529 -0.161803 0.427474 -0.17026 
 0.118711 -0.048013  0.069522 -0.001821 0.118711 -0.048013 
 0.069522 -0.001821 0.118711 -0.048013  0.118711 -0.048013 
 0.069522 -0.001821 0.118711 -0.048013  0.123113 -0.414928 -0.063679 0.247618 
 0.123113 -0.414928 -0.063679 0.247618  0.069522 -0.001821 0.118711 -0.048013 
 0.123113 -0.414928 -0.063679 0.247618  0.118711 -0.048013 
 0.118711 -0.048013  0.123113 -0.414928 -0.063679 0.247618 
 0.026511 0.050171 0.069522 -0.001821  0.123113 -0.414928 -0.063679 0.247618 
 0.123113 -0.414928 -0.063679 0.247618  0.026511 0.050171 0.069522 -0.001821 
 0.123113 -0.414928 -0.063679 0.247618  0.069522 -0.001821 
 0.069522 -0.001821  0.123113 -0.414928 -0.063679 0.247618 
 0.026511 0.050171  -0.009646 0.107144 0.026511 0.050171 
 -0.009646 0.107144 0.026511 0.050171  0.026511 0.050171 
 -0.009646 0.107144 0.026511 0.050171  0.123113 -0.414928 -0.063679 0.247618 
 0.123113 -0.414928 -0.063679 0.247618  -0.009646 0.107144 0.026511 0.050171 
 0.123113 -0.414928 -0.063679 0.247618  0.026511 0.050171 
 0.026511 0.050171  0.123113 -0.414928 -0.063679 0.247618 
 0.123113 -0.414928 -0.063679 0.247618  0.295171 -0.145022 0.360529 -0.161803 
 0.295171 -0.145022 0.360529 -0.161803  0.123113 -0.414928 -0.063679 0.247618 
 0.295171 -0.145022 0.360529 -0.161803  0.295171 -0.145022 
 0.295171 -0.145022  0.295171 -0.145022 0.360529 -0.161803 
 0.295171 -0.145022  0.123113 -0.414928 -0.063679 0.247618 
 0.123113 -0.414928 -0.063679 0.247618  0.295171 -0.145022 
 0.232433 -0.120182  0.173302 -0.087675 0.232433 -0.120182 
 0.173302 -0.087675 0.232433 -0.120182  0.232433 -0.120182 
 0.173302 -0.087675 0.232433 -0.120182  0.123113 -0.414928 -0.063679 0.247618 
 0.123113 -0.414928 -0.063679 0.247618  0.173302 -0.087675 0.232433 -0.120182 
 0.123113 -0.414928 -0.063679 0.247618  0.232433 -0.120182 
 0.232433 -0.120182  0.123113 -0.414928 -0.063679 0.247618 
 0.173302 -0.087675  0.118711 -0.048013 0.173302 -0.087675 
 0.118711 -0.048013 0.173302 -0.087675  0.173302 -0.087675 
 0.118711 -0.048013 0.173302 -0.087675  0.123113 -0.414928 -0.063679 0.247618 
 0.123113 -0.414928 -0.063679 0.247618  0.118711 -0.048013 0.173302 -0.087675 
 0.123113 -0.414928 -0.063679 0.247618  0.173302 -0.087675 
 0.173302 -0.087675  0.123113 -0.414928 -0.063679 0.247618 
 0.295171 -0.145022  0.232433 -0.120182 0.295171 -0.145022 
 0.232433 -0.120182 0.295171 -0.145022  0.295171 -0.145022 
 0.232433 -0.120182 0.295171 -0.145022  0.123113 -0.414928 -0.063679 0.247618 
 0.123113 -0.414928 -0.063679 0.247618  0.232433 -0.120182 0.295171 -0.145022 
 0.360529 -0.161803 0.427474 -0.17026  0.295171 -0.145022 0.360529 -0.161803 
 0.295171 -0.145022 0.360529 -0.161803  0.360529 -0.161803 0.427474 -0.17026 
 -0.038376 0.1682 -0.009646 0.107144  -0.009646 0.107144 0.026511 0.050171 
 -0.009646 0.107144 0.026511 0.050171  -0.038376 0.1682 -0.009646 0.107144 
 -0.009646 0.107144 0.026511 0.050171  -0.059228 0.232375 -0.038376 0.1682 
 -0.059228 0.232375 -0.038376 0.1682  -0.009646 0.107144 0.026511 0.050171 
 -0.009646 0.107144  -0.009646 0.107144 0.026511 0.050171 
 -0.009646 0.107144 0.026511 0.050171  -0.009646 0.107144 
 0.295171 -0.145022 0.360529 -0.161803  0.232433 -0.120182 0.295171 -0.145022 
 0.232433 -0.120182 0.295171 -0.145022  0.295171 -0.145022 0.360529 -0.161803 
 -0.009646 0.107144 0.026511 0.050171  0.026511 0.050171 0.069522 -0.001821 
 0.026511 0.050171 0.069522 -0.001821  -0.009646 0.107144 0.026511 0.050171 
 0.026511 0.050171 0.069522 -0.001821  -0.059228 0.232375 -0.038376 0.1682 
 -0.059228 0.232375 -0.038376 0.1682  0.026511 0.050171 0.069522 -0.001821 
 0.026511 0.050171  0.026511 0.050171 0.069522 -0.001821 
 0.026511 0.050171 0.069522 -0.001821  0.026511 0.050171 
 0.981654 0.232375 0.994298 0.298657  0.994298 0.298657 0.998535 0.366001 
 0.994298 0.298657 0.998535 0.366001  0.981654 0.232375 0.994298 0.298657 
 0.994298 0.298657 0.998535 0.366001  0.960802 0.1682 0.981654 0.232375 
 0.960802 0.1682 0.981654 0.232375  0.994298 0.298657 0.998535 0.366001 
 0.960802 0.1682 0.981654 0.232375  0.981654 0.232375 0.994298 0.298657 
 0.981654 0.232375 0.994298 0.298657  0.960802 0.1682 0.981654 0.232375 
 0.627255 -0.145022  0.561897 -0.161803 0.627255 -0.145022 
 0.561897 -0.161803 0.627255 -0.145022  0.627255 -0.145022 
 0.561897 -0.161803 0.627255 -0.145022  1.125 0.220849 0.437264 -0.354696 
 1.125 0.220849 0.437264 -0.354696  0.561897 -0.161803 0.627255 -0.145022 
 1.125 0.220849 0.437264 -0.354696  0.627255 -0.145022 
 0.627255 -0.145022  1.125 0.220849 0.437264 -0.354696 
 1.125 0.220849 0.437264 -0.354696  0.749124 -0.087675 0.803715 -0.048013 
 0.749124 -0.087675 0.803715 -0.048013  1.125 0.220849 0.437264 -0.354696 
 0.749124 -0.087675 0.803715 -0.048013  0.749124 -0.087675 
 0.749124 -0.087675  0.749124 -0.087675 0.803715 -0.048013 
 0.749124 -0.087675  1.125 0.220849 0.437264 -0.354696 
 1.125 0.220849 0.437264 -0.354696  0.749124 -0.087675 
 0.069522 -0.001821 0.118711 -0.048013  0.118711 -0.048013 0.173302 -0.087675 
 0.118711 -0.048013 0.173302 -0.087675  0.069522 -0.001821 0.118711 -0.048013 
 0.118711 -0.048013 0.173302 -0.087675  0.026511 0.050171 0.069522 -0.001821 
 0.026511 0.050171 0.069522 -0.001821  0.118711 -0.048013 0.173302 -0.087675 
 0.118711 -0.048013  0.118711 -0.048013 0.173302 -0.087675 
 0.118711 -0.048013 0.173302 -0.087675  0.118711 -0.048013 
 0.994298 0.298657 0.998535 0.366001  0.981654 0.499627 0.960802 0.563802 
 0.981654 0.499627 0.960802 0.563802  0.994298 0.298657 0.998535 0.366001 
 0.981654 0.499627 0.960802 0.563802  0.960802 0.1682 0.981654 0.232375 
 0.960802 0.1682 0.981654 0.232375  0.981654 0.499627 0.960802 0.563802 
 0.494952 -0.17026  0.427474 -0.17026 0.494952 -0.17026 
 0.427474 -0.17026 0.494952 -0.17026  0.494952 -0.17026 
 0.427474 -0.17026 0.494952 -0.17026  1.125 0.220849 0.437264 -0.354696 
 1.125 0.220849 0.437264 -0.354696  0.427474 -0.17026 0.494952 -0.17026 
 1.125 0.220849 0.437264 -0.354696  0.494952 -0.17026 
 0.494952 -0.17026  1.125 0.220849 0.437264 -0.354696 
 0.026511 0.050171 0.069522 -0.001821  0.173302 -0.087675 0.232433 -0.120182 
 0.173302 -0.087675 0.232433 -0.120182  0.026511 0.050171 0.069522 -0.001821 
 0.173302 -0.087675 0.232433 -0.120182  -0.059228 0.232375 -0.038376 0.1682 
 -0.059228 0.232375 -0.038376 0.1682  0.173302 -0.087675 0.232433 -0.120182 
 0.118711 -0.048013 0.173302 -0.087675  0.173302 -0.087675 0.232433 -0.120182 
 0.173302 -0.087675 0.232433 -0.120182  0.118711 -0.048013 0.173302 -0.087675 
 0.173302 -0.087675  0.173302 -0.087675 0.232433 -0.120182 
 0.173302 -0.087675 0.232433 -0.120182  0.173302 -0.087675 
 0.173302 -0.087675 0.232433 -0.120182  0.232433 -0.120182 0.295171 -0.145022 
 0.232433 -0.120182 0.295171 -0.145022  0.173302 -0.087675 0.232433 -0.120182 
 0.232433 -0.120182 0.295171 -0.145022  -0.059228 0.232375 -0.038376 0.1682 
 -0.059228 0.232375 -0.038376 0.1682  0.232433 -0.120182 0.295171 -0.145022 
 0.232433 -0.120182  0.232433 -0.120182 0.295171 -0.145022 
 0.232433 -0.120182 0.295171 -0.145022  0.232433 -0.120182 
 0.994298 0.298657 0.998535 0.366001  0.998535 0.366001 0.994298 0.433345 
 0.998535 0.366001 0.994298 0.433345  0.994298 0.298657 0.998535 0.366001 
 0.981654 0.232375  0.981654 0.232375 0.994298 0.298657 
 0.981654 0.232375 0.994298 0.298657  0.981654 0.232375 
 0.960802 0.1682 0.981654 0.232375  0.981654 0.232375 
 0.981654 0.232375  0.960802 0.1682 0.981654 0.232375 
 0.561897 -0.161803  0.494952 -0.17026 0.561897 -0.161803 
 0.494952 -0.17026 0.561897 -0.161803  0.561897 -0.161803 
 0.494952 -0.17026 0.561897 -0.161803  1.125 0.220849 0.437264 -0.354696 
 1.125 0.220849 0.437264 -0.354696  0.494952 -0.17026 0.561897 -0.161803 
 1.125 0.220849 0.437264 -0.354696  0.561897 -0.161803 
 0.561897 -0.161803  1.125 0.220849 0.437264 -0.354696 
 0.427474 -0.17026  0.360529 -0.161803 0.427474 -0.17026 
 0.360529 -0.161803 0.427474 -0.17026  0.427474 -0.17026 
 1.125 0.220849 0.437264 -0.354696  0.427474 -0.17026 
 0.427474 -0.17026  1.125 0.220849 0.437264 -0.354696 
 0.494952 -0.17026  0.494952 -0.17026 0.561897 -0.161803 
 0.494952 -0.17026 0.561897 -0.161803  0.494952 -0.17026 
 0.494952 -0.17026 0.561897 -0.161803  0.427474 -0.17026 0.494952 -0.17026 
 0.427474 -0.17026 0.494952 -0.17026  0.494952 -0.17026 0.561897 -0.161803 
 1.24387 0.896779 1.125 0.220849  0.981654 0.232375 0.994298 0.298657 
 0.981654 0.232375 0.994298 0.298657  1.24387 0.896779 1.125 0.220849 
 0.981654 0.232375 0.994298 0.298657  1.125 0.220849 0.437264 -0.354696 
 1.125 0.220849 0.437264 -0.354696  0.981654 0.232375 0.994298 0.298657 
 0.749124 -0.087675  0.689993 -0.120182 0.749124 -0.087675 
 0.689993 -0.120182 0.749124 -0.087675  0.749124 -0.087675 
 0.689993 -0.120182 0.749124 -0.087675  1.125 0.220849 0.437264 -0.354696 
 1.125 0.220849 0.437264 -0.354696  0.689993 -0.120182 0.749124 -0.087675 
 0.749124 -0.087675 0.803715 -0.048013  0.689993 -0.120182 0.749124 -0.087675 
 0.689993 -0.120182 0.749124 -0.087675  0.749124 -0.087675 0.803715 -0.048013 
 1.125 0.220849 0.437264 -0.354696  0.803715 -0.048013 0.852904 -0.001821 
 0.803715 -0.048013 0.852904 -0.001821  1.125 0.220849 0.437264 -0.354696 
 0.803715 -0.048013  1.125 0.220849 0.437264 -0.354696 
 1.125 0.220849 0.437264 -0.354696  0.803715 -0.048013 
 0.360529 -0.161803 0.427474 -0.17026  0.232433 -0.120182 0.295171 -0.145022 
 0.232433 -0.120182 0.295171 -0.145022  0.360529 -0.161803 0.427474 -0.17026 
 0.232433 -0.120182 0.295171 -0.145022  0.427474 -0.17026 0.494952 -0.17026 
 0.427474 -0.17026 0.494952 -0.17026  0.232433 -0.120182 0.295171 -0.145022 
 0.360529 -0.161803 0.427474 -0.17026  0.427474 -0.17026 0.494952 -0.17026 
 0.427474 -0.17026 0.494952 -0.17026  0.360529 -0.161803 0.427474 -0.17026 
 0.427474 -0.17026  0.427474 -0.17026 0.494952 -0.17026 
 0.427474 -0.17026 0.494952 -0.17026  0.427474 -0.17026 
 0.852904 -0.001821  0.803715 -0.048013 0.852904 -0.001821 
 0.803715 -0.048013 0.852904 -0.001821  0.852904 -0.001821 
 1.125 0.220849 0.437264 -0.354696  0.852904 -0.001821 
 0.852904 -0.001821  1.125 0.220849 0.437264 -0.354696 
 0.561897 -0.161803  0.561897 -0.161803 0.627255 -0.145022 
 0.561897 -0.161803 0.627255 -0.145022  0.561897 -0.161803 
 0.561897 -0.161803 0.627255 -0.145022  0.494952 -0.17026 0.561897 -0.161803 
 0.494952 -0.17026 0.561897 -0.161803  0.561897 -0.161803 0.627255 -0.145022 
 0.932072 0.107144  0.895915 0.050171 0.932072 0.107144 
 0.895915 0.050171 0.932072 0.107144  0.932072 0.107144 
 0.895915 0.050171 0.932072 0.107144  1.125 0.220849 0.437264 -0.354696 
 1.125 0.220849 0.437264 -0.354696  0.895915 0.050171 0.932072 0.107144 
 1.125 0.220849 0.437264 -0.354696  0.932072 0.107144 
 0.932072 0.107144  1.125 0.220849 0.437264 -0.354696 
 0.981654 0.232375  1.125 0.220849 0.437264 -0.354696 
 1.125 0.220849 0.437264 -0.354696  0.981654 0.232375 
 0.494952 -0.17026 0.561897 -0.161803  0.627255 -0.145022 0.689993 -0.120182 
 0.627255 -0.145022 0.689993 -0.120182  0.494952 -0.17026 0.561897 -0.161803 
 0.627255 -0.145022 0.689993 -0.120182  0.427474 -0.17026 0.494952 -0.17026 
 0.427474 -0.17026 0.494952 -0.17026  0.627255 -0.145022 0.689993 -0.120182 
 0.561897 -0.161803 0.627255 -0.145022  0.627255 -0.145022 0.689993 -0.120182 
 0.627255 -0.145022 0.689993 -0.120182  0.561897 -0.161803 0.627255 -0.145022 
 0.627255 -0.145022  0.627255 -0.145022 0.689993 -0.120182 
 0.627255 -0.145022 0.689993 -0.120182  0.627255 -0.145022 
 0.689993 -0.120182  0.689993 -0.120182 0.749124 -0.087675 
 0.689993 -0.120182 0.749124 -0.087675  0.689993 -0.120182 
 0.689993 -0.120182 0.749124 -0.087675  0.627255 -0.145022 0.689993 -0.120182 
 0.627255 -0.145022 0.689993 -0.120182  0.689993 -0.120182 0.749124 -0.087675 
 0.960802 0.1682 0.981654 0.232375  1.125 0.220849 0.437264 -0.354696 
 1.125 0.220849 0.437264 -0.354696  0.960802 0.1682 0.981654 0.232375 
 0.960802 0.1682  0.932072 0.107144 0.960802 0.1682 
 0.932072 0.107144 0.960802 0.1682  0.960802 0.1682 
 0.932072 0.107144 0.960802 0.1682  1.125 0.220849 0.437264 -0.354696 
 1.125 0.220849 0.437264 -0.354696  0.932072 0.107144 0.960802 0.1682 
 1.125 0.220849 0.437264 -0.354696  0.960802 0.1682 
 0.960802 0.1682  1.125 0.220849 0.437264 -0.354696 
 0.895915 0.050171  0.852904 -0.001821 0.895915 0.050171 
 0.852904 -0.001821 0.895915 0.050171  0.895915 0.050171 
 0.852904 -0.001821 0.895915 0.050171  1.125 0.220849 0.437264 -0.354696 
 1.125 0.220849 0.437264 -0.354696  0.852904 -0.001821 0.895915 0.050171 
 1.125 0.220849 0.437264 -0.354696  0.895915 0.050171 
 0.895915 0.050171  1.125 0.220849 0.437264 -0.354696 
 0.994298 0.298657  0.981654 0.232375 0.994298 0.298657 
 0.981654 0.232375 0.994298 0.298657  0.994298 0.298657 
 1.24387 0.896779 1.125 0.220849  0.994298 0.298657 
 0.994298 0.298657  1.24387 0.896779 1.125 0.220849 
 0.749124 -0.087675 0.803715 -0.048013  0.852904 -0.001821 0.895915 0.050171 
 0.852904 -0.001821 0.895915 0.050171  0.749124 -0.087675 0.803715 -0.048013 
 0.852904 -0.001821 0.895915 0.050171  0.689993 -0.120182 0.749124 -0.087675 
 0.689993 -0.120182 0.749124 -0.087675  0.852904 -0.001821 0.895915 0.050171 
 0.803715 -0.048013 0.852904 -0.001821  0.852904 -0.001821 0.895915 0.050171 
 0.852904 -0.001821 0.895915 0.050171  0.803715 -0.048013 0.852904 -0.001821 
 0.852904 -0.001821  0.852904 -0.001821 0.895915 0.050171 
 0.852904 -0.001821 0.895915 0.050171  0.852904 -0.001821 
 0.994298 0.298657 0.998535 0.366001  0.998535 0.366001 
 0.998535 0.366001  0.994298 0.298657 0.998535 0.366001 
 0.895915 0.050171  0.895915 0.050171 0.932072 0.107144 
 0.895915 0.050171 0.932072 0.107144  0.895915 0.050171 
 0.895915 0.050171 0.932072 0.107144  0.852904 -0.001821 0.895915 0.050171 
 0.852904 -0.001821 0.895915 0.050171  0.895915 0.050171 0.932072 0.107144 
 0.994298 0.298657 0.998535 0.366001  1.24387 0.896779 1.125 0.220849 
 1.24387 0.896779 1.125 0.220849  0.994298 0.298657 0.998535 0.366001 
 0.994298 0.298657 0.998535 0.366001  0.994298 0.298657 
 0.994298 0.298657  0.994298 0.298657 0.998535 0.366001 
 0.932072 0.107144  0.932072 0.107144 0.960802 0.1682 
 0.932072 0.107144 0.960802 0.1682  0.932072 0.107144 
 0.932072 0.107144 0.960802 0.1682  0.895915 0.050171 0.932072 0.107144 
 0.895915 0.050171 0.932072 0.107144  0.932072 0.107144 0.960802 0.1682 
 0.494952 0.902262 0.427474 0.902262  0.960802 0.1682 0.981654 0.232375 
 0.960802 0.1682 0.981654 0.232375  0.494952 0.902262 0.427474 0.902262 
 0.427474 -0.17026 0.494952 -0.17026  0.960802 0.1682 0.981654 0.232375 
 0.960802 0.1682 0.981654 0.232375  0.427474 -0.17026 0.494952 -0.17026 
 0.627255 -0.145022 0.689993 -0.120182  0.960802 0.1682 0.981654 0.232375 
 0.960802 0.1682 0.981654 0.232375  0.627255 -0.145022 0.689993 -0.120182 
 0.689993 -0.120182 0.749124 -0.087675  0.960802 0.1682 0.981654 0.232375 
 0.960802 0.1682 0.981654 0.232375  0.689993 -0.120182 0.749124 -0.087675 
 0.852904 -0.001821 0.895915 0.050171  0.960802 0.1682 0.981654 0.232375 
 0.960802 0.1682 0.981654 0.232375  0.852904 -0.001821 0.895915 0.050171 
 0.895915 0.050171 0.932072 0.107144  0.960802 0.1682 0.981654 0.232375 
 0.960802 0.1682 0.981654 0.232375  0.895915 0.050171 0.932072 0.107144 
 0.932072 0.107144 0.960802 0.1682  0.960802 0.1682 0.981654 0.232375 
 0.960802 0.1682 0.981654 0.232375  0.932072 0.107144 0.960802 0.1682 
 0.960802 0.1682  0.960802 0.1682 0.981654 0.232375 
 0.960802 0.1682 0.981654 0.232375  0.960802 0.1682 
