-3.30608 3.25967
0.197799 2.25148
-0.315421 1.41805
1.05108 1.80331
1.06308 -0.239411
0.663781 0.237729
1.12899 1.74382
0.623749 -0.285294
-1.532 0.499282
0.721382 -0.794521
0.198598 -0.405157
1.82976 1.99503
-4.78582 0.856678
4.62338 0.0488768
3.51636 -1.74954
0.747839 -0.973271
0.427035 -1.06594
-3.79673 -1.78637
-4.70765 0.84858
7.42992 0.557538
4.09661 -0.0190318
3.28271 3.20442
14.4139 1.24691
2.95561 1.34438
edges
0 1 0 0
1 0 0 0
2 1 0 1
1 2 1 0
3 1 1 0
1 3 0 1
4 5 1 0
5 4 0 1
6 5 0 0
5 6 0 0
7 5 0 1
5 7 1 0
8 2 0 0
2 8 0 0
3 2 0 1
2 3 1 0
6 3 0 0
3 6 0 0
9 7 1 1
7 9 1 1
10 7 0 1
7 10 1 0
11 6 0 0
6 11 0 0
12 0 1 0
0 12 0 1
13 14 1 0
14 13 0 1
15 14 0 0
14 15 0 0
9 15 0 1
15 9 1 0
16 15 1 0
15 16 0 1
17 18 1 0
18 17 0 1
8 18 0 0
18 8 0 0
12 18 0 1
18 12 1 0
8 10 0 0
10 8 0 0
16 10 0 1
10 16 1 0
19 13 1 1
13 19 1 1
20 13 1 0
13 20 0 1
21 22 1 0
22 21 0 1
19 22 0 1
22 19 1 0
23 19 0 1
19 23 1 0
17 16 0 0
16 17 0 0
23 20 1 0
20 23 0 1
4 20 0 0
20 4 0 0
4 9 0 1
9 4 1 0
11 23 0 0
23 11 0 0
11 21 0 0
21 11 0 0
edgeattributes
 3.28271 3.20442 -3.30608 3.25967  -3.30608 3.25967 -0.315421 1.41805 
 -3.30608 3.25967 -0.315421 1.41805  3.28271 3.20442 -3.30608 3.25967 
 -3.30608 3.25967 -0.315421 1.41805  -0.315421 1.41805 
 -0.315421 1.41805  -3.30608 3.25967 -0.315421 1.41805 
 -0.315421 1.41805  3.28271 3.20442 -3.30608 3.25967 
 3.28271 3.20442 -3.30608 3.25967  -0.315421 1.41805 
 1.06308 -0.239411  1.06308 -0.239411 2.95561 1.34438 
 1.06308 -0.239411 2.95561 1.34438  1.06308 -0.239411 
 1.06308 -0.239411 2.95561 1.34438  -0.315421 1.41805 0.198598 -0.405157 
 -0.315421 1.41805 0.198598 -0.405157  1.06308 -0.239411 2.95561 1.34438 
 -0.315421 1.41805 0.198598 -0.405157  1.06308 -0.239411 
 1.06308 -0.239411  -0.315421 1.41805 0.198598 -0.405157 
 -3.30608 3.25967 -0.315421 1.41805  -0.315421 1.41805 0.198598 -0.405157 
 -0.315421 1.41805 0.198598 -0.405157  -3.30608 3.25967 -0.315421 1.41805 
 -0.315421 1.41805 0.198598 -0.405157  -0.315421 1.41805 
 -0.315421 1.41805  -0.315421 1.41805 0.198598 -0.405157 
 -0.315421 1.41805 0.198598 -0.405157  3.28271 3.20442 -3.30608 3.25967 
 3.28271 3.20442 -3.30608 3.25967  -0.315421 1.41805 0.198598 -0.405157 
 0.198598 -0.405157  1.06308 -0.239411 
 1.06308 -0.239411  0.198598 -0.405157 
 -0.315421 1.41805 0.198598 -0.405157  0.198598 -0.405157 
 0.198598 -0.405157  -0.315421 1.41805 0.198598 -0.405157 
 1.06308 -0.239411 2.95561 1.34438  3.28271 3.20442 -3.30608 3.25967 
 3.28271 3.20442 -3.30608 3.25967  1.06308 -0.239411 2.95561 1.34438 
 -3.30608 3.25967  -3.30608 3.25967 -0.315421 1.41805 
 -3.30608 3.25967 -0.315421 1.41805  -3.30608 3.25967 
 3.51636 -1.74954  3.51636 -1.74954 1.06308 -0.239411 
 3.51636 -1.74954 1.06308 -0.239411  3.51636 -1.74954 
 3.51636 -1.74954 1.06308 -0.239411  -3.79673 -1.78637 3.51636 -1.74954 
 -3.79673 -1.78637 3.51636 -1.74954  3.51636 -1.74954 1.06308 -0.239411 
 3.51636 -1.74954 1.06308 -0.239411  0.198598 -0.405157 
 0.198598 -0.405157  3.51636 -1.74954 1.06308 -0.239411 
 0.198598 -0.405157  -3.79673 -1.78637 3.51636 -1.74954 
 -3.79673 -1.78637 3.51636 -1.74954  0.198598 -0.405157 
 -3.79673 -1.78637  0.198598 -0.405157 -3.79673 -1.78637 
 0.198598 -0.405157 -3.79673 -1.78637  -3.79673 -1.78637 
 0.198598 -0.405157 -3.79673 -1.78637  -3.30608 3.25967 -0.315421 1.41805 
 -3.30608 3.25967 -0.315421 1.41805  0.198598 -0.405157 -3.79673 -1.78637 
 -3.30608 3.25967 -0.315421 1.41805  -3.79673 -1.78637 
 -3.79673 -1.78637  -3.30608 3.25967 -0.315421 1.41805 
 -0.315421 1.41805 0.198598 -0.405157  0.198598 -0.405157 -3.79673 -1.78637 
 0.198598 -0.405157 -3.79673 -1.78637  -0.315421 1.41805 0.198598 -0.405157 
 0.198598 -0.405157 -3.79673 -1.78637  0.198598 -0.405157 
 0.198598 -0.405157  0.198598 -0.405157 -3.79673 -1.78637 
 3.51636 -1.74954  2.95561 1.34438 
 2.95561 1.34438  3.51636 -1.74954 
 2.95561 1.34438  3.51636 -1.74954 1.06308 -0.239411 
 3.51636 -1.74954 1.06308 -0.239411  2.95561 1.34438 
 3.28271 3.20442  2.95561 1.34438 3.28271 3.20442 
 2.95561 1.34438 3.28271 3.20442  3.28271 3.20442 
 2.95561 1.34438 3.28271 3.20442  3.51636 -1.74954 
 3.51636 -1.74954  2.95561 1.34438 3.28271 3.20442 
 2.95561 1.34438 3.28271 3.20442  2.95561 1.34438 
 2.95561 1.34438  2.95561 1.34438 3.28271 3.20442 
 0.198598 -0.405157 -3.79673 -1.78637  -3.79673 -1.78637 3.51636 -1.74954 
 -3.79673 -1.78637 3.51636 -1.74954  0.198598 -0.405157 -3.79673 -1.78637 
 2.95561 1.34438  1.06308 -0.239411 2.95561 1.34438 
 1.06308 -0.239411 2.95561 1.34438  2.95561 1.34438 
 1.06308 -0.239411 2.95561 1.34438  3.51636 -1.74954 1.06308 -0.239411 
 3.51636 -1.74954 1.06308 -0.239411  1.06308 -0.239411 2.95561 1.34438 
 3.51636 -1.74954 1.06308 -0.239411  1.06308 -0.239411 
 1.06308 -0.239411  3.51636 -1.74954 1.06308 -0.239411 
 2.95561 1.34438 3.28271 3.20442  1.06308 -0.239411 2.95561 1.34438 
 1.06308 -0.239411 2.95561 1.34438  2.95561 1.34438 3.28271 3.20442 
 3.28271 3.20442 -3.30608 3.25967  2.95561 1.34438 3.28271 3.20442 
 2.95561 1.34438 3.28271 3.20442  3.28271 3.20442 -3.30608 3.25967 
